Session Information:,,,,Device Information:,,,,Oarlock Information:,,,,Oarlock Settings:

Name:,JustGo-11243M,,,Name:,Tom's Speedcoach,,,Firmware:,---,,,Boat ID:,---
Start Time:,12/01/2023 08:52,,,Model:,SpeedCoach GPS Pro,,,,,,,Seat Number:,---
Type:,Just Go,,,Serial:,2268560,,,,,,,Port Starboard:,---
System of Units:,Meters/Split500,,,Firmware Version:,2.22,,,,,,,Oar Length:,---
Speed Input:,GPS,,,Profile Version:,0.03,,,,,,,Inboard Length:,---
,,,,Hardware Version:,Rev 11,,,,,,,,
,,,,LiNK Version:,2.1.68,,,,,,,,


Session Summary:

Total Intervals,Total Distance (GPS),Total Distance (IMP),Total Elapsed Time,Avg Split (GPS),Avg Speed (GPS),Avg Split (IMP),Avg Speed (IMP),Avg Stroke Rate,Total Strokes,Distance/Stroke (GPS),Distance/Stroke (IMP),Avg Heart Rate,Avg Power,Avg Catch,Avg Slip,Avg Finish,Avg Wash,Avg Force Avg,Avg Work,Avg Force Max,Avg Max Force Angle,Start GPS Lat.,Start GPS Lon.
(Interval),(Meters),(Meters),(HH:MM:SS.tenths),(/500),(M/S),(/500),(M/S),(SPM),(Strokes),(Meters),(Meters),(BPM),(Watts),(Degrees),(Degrees),(Degrees),(Degrees),(Newtons),(Joules),(Newtons),(Degrees),(Degrees),(Degrees)
1,11243.4,0.0,00:56:01.7,00:02:29.7,3.34,00:00:00.0,0.00,30.5,1334,8.4,0.0,---,---,---,---,---,---,---,---,---,---,52.2151083,0.1446847


Interval Summaries:

Interval,Total Distance (GPS),Total Distance (IMP),Total Elapsed Time,Avg Split (GPS),Avg Speed (GPS),Avg Split (IMP),Avg Speed (IMP),Avg Stroke Rate,Total Strokes,Distance/Stroke (GPS),Distance/Stroke (IMP),Avg Heart Rate,Avg Power,Avg Catch,Avg Slip,Avg Finish,Avg Wash,Avg Force Avg,Avg Work,Avg Force Max,Avg Max Force Angle,Start GPS Lat.,Start GPS Lon.
(Interval),(Meters),(Meters),(HH:MM:SS.tenths),(/500),(M/S),(/500),(M/S),(SPM),(Strokes),(Meters),(Meters),(BPM),(Watts),(Degrees),(Degrees),(Degrees),(Degrees),(Newtons),(Joules),(Newtons),(Degrees),(Degrees),(Degrees)
1,11243.4,0.0,00:56:01.7,00:02:29.7,3.34,00:00:00.0,0.00,30.5,1334,8.4,0.0,---,---,---,---,---,---,---,---,---,---,52.2151083,0.1446847



Per-Stroke Data:

Interval,Distance (GPS),Distance (IMP),Elapsed Time,Split (GPS),Speed (GPS),Split (IMP),Speed (IMP),Stroke Rate,Total Strokes,Distance/Stroke (GPS),Distance/Stroke (IMP),Heart Rate,Power,Catch,Slip,Finish,Wash,Force Avg,Work,Force Max,Max Force Angle,GPS Lat.,GPS Lon.
(Interval),(Meters),(Meters),(HH:MM:SS.tenths),(/500),(M/S),(/500),(M/S),(SPM),(Strokes),(Meters),(Meters),(BPM),(Watts),(Degrees),(Degrees),(Degrees),(Degrees),(Newtons),(Joules),(Newtons),(Degrees),(Degrees),(Degrees)
1,5.1,0.0,00:00:04.1,00:12:49.2,0.65,00:00:00.0,0.00,14.5,1,5.1,0.0,---,---,---,---,---,---,---,---,---,---,52.2151083,0.1446847
1,12.8,0.0,00:00:07.8,00:05:16.5,1.58,00:00:00.0,0.00,16.5,2,7.7,0.0,---,---,---,---,---,---,---,---,---,---,52.2151602,0.1447594
1,21.4,0.0,00:00:11.5,00:03:59.2,2.09,00:00:00.0,0.00,16.5,3,8.6,0.0,---,---,---,---,---,---,---,---,---,---,52.2152207,0.1448372
1,39.8,0.0,00:00:21.1,00:09:34.7,0.87,00:00:00.0,0.00,30.0,4,18.3,0.0,---,---,---,---,---,---,---,---,---,---,52.2154947,0.1451804
1,41.6,0.0,00:00:22.9,00:09:41.4,0.86,00:00:00.0,0.00,34.0,5,1.9,0.0,---,---,---,---,---,---,---,---,---,---,52.2155108,0.1451878
1,43.1,0.0,00:00:24.5,00:08:25.0,0.99,00:00:00.0,0.00,31.0,6,1.5,0.0,---,---,---,---,---,---,---,---,---,---,52.2155233,0.1451957
1,45.1,0.0,00:00:26.0,00:07:34.5,1.10,00:00:00.0,0.00,42.5,7,2.0,0.0,---,---,---,---,---,---,---,---,---,---,52.2155401,0.1452070
1,46.6,0.0,00:00:27.6,00:07:07.4,1.17,00:00:00.0,0.00,35.5,8,1.5,0.0,---,---,---,---,---,---,---,---,---,---,52.2155521,0.1452160
1,48.5,0.0,00:00:29.1,00:06:46.5,1.23,00:00:00.0,0.00,41.0,9,2.0,0.0,---,---,---,---,---,---,---,---,---,---,52.2155689,0.1452247
1,51.3,0.0,00:00:31.1,00:06:27.6,1.29,00:00:00.0,0.00,33.0,10,2.7,0.0,---,---,---,---,---,---,---,---,---,---,52.2155917,0.1452404
1,53.6,0.0,00:00:32.7,00:06:13.1,1.34,00:00:00.0,0.00,33.5,11,2.3,0.0,---,---,---,---,---,---,---,---,---,---,52.2156111,0.1452529
1,56.1,0.0,00:00:34.3,00:06:05.0,1.37,00:00:00.0,0.00,35.0,12,2.5,0.0,---,---,---,---,---,---,---,---,---,---,52.2156329,0.1452627
1,58.4,0.0,00:00:35.9,00:05:49.6,1.43,00:00:00.0,0.00,37.0,13,2.3,0.0,---,---,---,---,---,---,---,---,---,---,52.2156517,0.1452756
1,60.7,0.0,00:00:37.5,00:05:40.1,1.47,00:00:00.0,0.00,38.5,14,2.3,0.0,---,---,---,---,---,---,---,---,---,---,52.2156693,0.1452937
1,65.7,0.0,00:00:40.5,00:05:20.5,1.56,00:00:00.0,0.00,23.0,15,5.0,0.0,---,---,---,---,---,---,---,---,---,---,52.2157096,0.1453252
1,70.7,0.0,00:00:43.3,00:04:49.0,1.73,00:00:00.0,0.00,23.0,16,5.1,0.0,---,---,---,---,---,---,---,---,---,---,52.2157537,0.1453463
1,75.4,0.0,00:00:45.7,00:04:31.7,1.84,00:00:00.0,0.00,23.0,17,4.7,0.0,---,---,---,---,---,---,---,---,---,---,52.2157947,0.1453604
1,80.6,0.0,00:00:48.5,00:04:19.1,1.93,00:00:00.0,0.00,24.5,18,5.2,0.0,---,---,---,---,---,---,---,---,---,---,52.2158407,0.1453769
1,86.1,0.0,00:00:50.9,00:04:06.3,2.03,00:00:00.0,0.00,24.0,19,5.5,0.0,---,---,---,---,---,---,---,---,---,---,52.2158891,0.1453895
1,91.4,0.0,00:00:53.3,00:03:54.7,2.13,00:00:00.0,0.00,23.5,20,5.3,0.0,---,---,---,---,---,---,---,---,---,---,52.2159365,0.1453991
1,97.2,0.0,00:00:55.9,00:03:48.3,2.19,00:00:00.0,0.00,23.0,21,5.8,0.0,---,---,---,---,---,---,---,---,---,---,52.2159885,0.1454082
1,102.6,0.0,00:00:58.3,00:03:46.2,2.21,00:00:00.0,0.00,25.5,22,5.4,0.0,---,---,---,---,---,---,---,---,---,---,52.2160370,0.1454131
1,109.6,0.0,00:01:01.1,00:03:44.2,2.23,00:00:00.0,0.00,23.5,23,7.0,0.0,---,---,---,---,---,---,---,---,---,---,52.2160992,0.1454200
1,117.1,0.0,00:01:04.1,00:03:36.4,2.31,00:00:00.0,0.00,19.5,24,7.5,0.0,---,---,---,---,---,---,---,---,---,---,52.2161662,0.1454301
1,124.8,0.0,00:01:07.1,00:03:24.9,2.44,00:00:00.0,0.00,21.0,25,7.7,0.0,---,---,---,---,---,---,---,---,---,---,52.2162350,0.1454394
1,131.8,0.0,00:01:09.9,00:03:19.2,2.51,00:00:00.0,0.00,20.5,26,7.1,0.0,---,---,---,---,---,---,---,---,---,---,52.2162981,0.1454482
1,139.2,0.0,00:01:12.7,00:03:16.1,2.55,00:00:00.0,0.00,21.0,27,7.4,0.0,---,---,---,---,---,---,---,---,---,---,52.2163647,0.1454553
1,146.4,0.0,00:01:15.6,00:03:16.9,2.54,00:00:00.0,0.00,21.0,28,7.2,0.0,---,---,---,---,---,---,---,---,---,---,52.2164288,0.1454679
1,153.7,0.0,00:01:18.5,00:03:15.3,2.56,00:00:00.0,0.00,20.5,29,7.3,0.0,---,---,---,---,---,---,---,---,---,---,52.2164936,0.1454798
1,161.6,0.0,00:01:21.5,00:03:10.8,2.62,00:00:00.0,0.00,21.5,30,8.0,0.0,---,---,---,---,---,---,---,---,---,---,52.2165646,0.1454944
1,168.9,0.0,00:01:24.1,00:03:10.8,2.62,00:00:00.0,0.00,21.5,31,7.3,0.0,---,---,---,---,---,---,---,---,---,---,52.2166289,0.1455150
1,176.5,0.0,00:01:26.9,00:03:10.8,2.62,00:00:00.0,0.00,20.5,32,7.6,0.0,---,---,---,---,---,---,---,---,---,---,52.2166960,0.1455337
1,186.2,0.0,00:01:30.5,00:03:08.0,2.66,00:00:00.0,0.00,21.0,33,9.7,0.0,---,---,---,---,---,---,---,---,---,---,52.2167810,0.1455618
1,195.5,0.0,00:01:33.6,00:03:01.2,2.76,00:00:00.0,0.00,17.5,34,9.3,0.0,---,---,---,---,---,---,---,---,---,---,52.2168620,0.1455945
1,205.7,0.0,00:01:36.9,00:02:54.2,2.87,00:00:00.0,0.00,18.5,35,10.2,0.0,---,---,---,---,---,---,---,---,---,---,52.2169515,0.1456267
1,216.0,0.0,00:01:40.3,00:02:50.6,2.93,00:00:00.0,0.00,18.5,36,10.3,0.0,---,---,---,---,---,---,---,---,---,---,52.2170422,0.1456594
1,225.0,0.0,00:01:43.5,00:02:47.8,2.98,00:00:00.0,0.00,18.0,37,9.0,0.0,---,---,---,---,---,---,---,---,---,---,52.2171168,0.1457095
1,235.1,0.0,00:01:46.9,00:02:54.2,2.87,00:00:00.0,0.00,18.5,38,10.1,0.0,---,---,---,---,---,---,---,---,---,---,52.2171980,0.1457770
1,244.8,0.0,00:01:50.1,00:02:56.7,2.83,00:00:00.0,0.00,18.0,39,9.7,0.0,---,---,---,---,---,---,---,---,---,---,52.2172730,0.1458483
1,254.9,0.0,00:01:53.5,00:02:49.5,2.95,00:00:00.0,0.00,18.5,40,10.1,0.0,---,---,---,---,---,---,---,---,---,---,52.2173431,0.1459422
1,264.6,0.0,00:01:56.7,00:02:51.8,2.91,00:00:00.0,0.00,17.5,41,9.7,0.0,---,---,---,---,---,---,---,---,---,---,52.2174113,0.1460308
1,275.2,0.0,00:02:00.1,00:02:55.4,2.85,00:00:00.0,0.00,18.0,42,10.6,0.0,---,---,---,---,---,---,---,---,---,---,52.2174765,0.1461440
1,285.7,0.0,00:02:03.6,00:02:53.0,2.89,00:00:00.0,0.00,18.0,43,10.6,0.0,---,---,---,---,---,---,---,---,---,---,52.2175394,0.1462599
1,297.4,0.0,00:02:07.3,00:02:49.5,2.95,00:00:00.0,0.00,16.5,44,11.7,0.0,---,---,---,---,---,---,---,---,---,---,52.2175908,0.1464094
1,308.0,0.0,00:02:10.7,00:02:47.2,2.99,00:00:00.0,0.00,17.0,45,10.6,0.0,---,---,---,---,---,---,---,---,---,---,52.2176289,0.1465519
1,319.2,0.0,00:02:14.3,00:02:45.0,3.03,00:00:00.0,0.00,17.0,46,11.2,0.0,---,---,---,---,---,---,---,---,---,---,52.2176663,0.1467039
1,329.7,0.0,00:02:17.7,00:02:44.5,3.04,00:00:00.0,0.00,17.0,47,10.5,0.0,---,---,---,---,---,---,---,---,---,---,52.2176928,0.1468510
1,340.9,0.0,00:02:21.5,00:02:42.9,3.07,00:00:00.0,0.00,17.0,48,11.2,0.0,---,---,---,---,---,---,---,---,---,---,52.2177204,0.1470090
1,350.8,0.0,00:02:24.6,00:02:41.8,3.09,00:00:00.0,0.00,17.0,49,9.9,0.0,---,---,---,---,---,---,---,---,---,---,52.2177500,0.1471466
1,362.5,0.0,00:02:28.3,00:02:43.9,3.05,00:00:00.0,0.00,17.0,50,11.6,0.0,---,---,---,---,---,---,---,---,---,---,52.2177826,0.1473085
1,373.1,0.0,00:02:31.7,00:02:43.4,3.06,00:00:00.0,0.00,17.0,51,10.7,0.0,---,---,---,---,---,---,---,---,---,---,52.2178084,0.1474587
1,383.7,0.0,00:02:35.1,00:02:42.9,3.07,00:00:00.0,0.00,17.5,52,10.6,0.0,---,---,---,---,---,---,---,---,---,---,52.2178349,0.1476076
1,408.8,0.0,00:02:47.6,00:04:02.7,2.06,00:00:00.0,0.00,9.5,53,25.1,0.0,---,---,---,---,---,---,---,---,---,---,52.2179324,0.1480950
1,410.0,0.0,00:02:49.2,00:09:28.2,0.88,00:00:00.0,0.00,29.5,54,1.2,0.0,---,---,---,---,---,---,---,---,---,---,52.2179356,0.1481121
1,411.2,0.0,00:02:50.6,00:10:49.3,0.77,00:00:00.0,0.00,37.0,55,1.1,0.0,---,---,---,---,---,---,---,---,---,---,52.2179390,0.1481277
1,412.7,0.0,00:02:52.2,00:09:41.4,0.86,00:00:00.0,0.00,43.0,56,1.6,0.0,---,---,---,---,---,---,---,---,---,---,52.2179427,0.1481498
1,414.2,0.0,00:02:53.6,00:08:46.3,0.95,00:00:00.0,0.00,41.0,57,1.4,0.0,---,---,---,---,---,---,---,---,---,---,52.2179467,0.1481699
1,415.7,0.0,00:02:55.0,00:07:56.2,1.05,00:00:00.0,0.00,41.0,58,1.5,0.0,---,---,---,---,---,---,---,---,---,---,52.2179505,0.1481913
1,417.7,0.0,00:02:56.8,00:07:26.4,1.12,00:00:00.0,0.00,39.0,59,2.1,0.0,---,---,---,---,---,---,---,---,---,---,52.2179557,0.1482201
1,419.2,0.0,00:02:58.0,00:07:03.7,1.18,00:00:00.0,0.00,41.5,60,1.4,0.0,---,---,---,---,---,---,---,---,---,---,52.2179596,0.1482402
1,420.9,0.0,00:02:59.4,00:06:46.5,1.23,00:00:00.0,0.00,42.0,61,1.7,0.0,---,---,---,---,---,---,---,---,---,---,52.2179640,0.1482643
1,422.7,0.0,00:03:00.9,00:06:30.6,1.28,00:00:00.0,0.00,41.5,62,1.8,0.0,---,---,---,---,---,---,---,---,---,---,52.2179689,0.1482891
1,424.8,0.0,00:03:02.4,00:06:18.8,1.32,00:00:00.0,0.00,42.5,63,2.1,0.0,---,---,---,---,---,---,---,---,---,---,52.2179756,0.1483182
1,426.2,0.0,00:03:03.7,00:06:13.1,1.34,00:00:00.0,0.00,41.5,64,1.4,0.0,---,---,---,---,---,---,---,---,---,---,52.2179799,0.1483375
1,428.6,0.0,00:03:05.2,00:06:05.0,1.37,00:00:00.0,0.00,40.0,65,2.4,0.0,---,---,---,---,---,---,---,---,---,---,52.2179868,0.1483707
1,431.9,0.0,00:03:07.4,00:05:44.8,1.45,00:00:00.0,0.00,27.0,66,3.4,0.0,---,---,---,---,---,---,---,---,---,---,52.2179972,0.1484170
1,435.6,0.0,00:03:09.8,00:05:20.5,1.56,00:00:00.0,0.00,28.5,67,3.6,0.0,---,---,---,---,---,---,---,---,---,---,52.2180087,0.1484666
1,439.7,0.0,00:03:12.0,00:04:57.6,1.68,00:00:00.0,0.00,25.5,68,4.2,0.0,---,---,---,---,---,---,---,---,---,---,52.2180209,0.1485244
1,443.8,0.0,00:03:14.2,00:04:45.7,1.75,00:00:00.0,0.00,27.0,69,4.1,0.0,---,---,---,---,---,---,---,---,---,---,52.2180332,0.1485807
1,447.9,0.0,00:03:16.4,00:04:37.8,1.80,00:00:00.0,0.00,27.0,70,4.1,0.0,---,---,---,---,---,---,---,---,---,---,52.2180450,0.1486381
1,451.9,0.0,00:03:18.6,00:04:27.4,1.87,00:00:00.0,0.00,27.0,71,3.9,0.0,---,---,---,---,---,---,---,---,---,---,52.2180569,0.1486925
1,456.1,0.0,00:03:20.6,00:04:17.7,1.94,00:00:00.0,0.00,28.5,72,4.2,0.0,---,---,---,---,---,---,---,---,---,---,52.2180707,0.1487504
1,460.5,0.0,00:03:22.8,00:04:13.8,1.97,00:00:00.0,0.00,29.5,73,4.4,0.0,---,---,---,---,---,---,---,---,---,---,52.2180858,0.1488101
1,464.2,0.0,00:03:24.8,00:04:11.3,1.99,00:00:00.0,0.00,28.5,74,3.7,0.0,---,---,---,---,---,---,---,---,---,---,52.2180996,0.1488600
1,468.7,0.0,00:03:26.8,00:04:05.1,2.04,00:00:00.0,0.00,29.5,75,4.5,0.0,---,---,---,---,---,---,---,---,---,---,52.2181176,0.1489190
1,473.3,0.0,00:03:29.0,00:04:03.9,2.05,00:00:00.0,0.00,28.5,76,4.5,0.0,---,---,---,---,---,---,---,---,---,---,52.2181352,0.1489790
1,477.5,0.0,00:03:31.0,00:04:02.7,2.06,00:00:00.0,0.00,29.5,77,4.2,0.0,---,---,---,---,---,---,---,---,---,---,52.2181522,0.1490347
1,483.2,0.0,00:03:33.8,00:03:54.7,2.13,00:00:00.0,0.00,21.5,78,5.7,0.0,---,---,---,---,---,---,---,---,---,---,52.2181760,0.1491089
1,489.6,0.0,00:03:36.7,00:03:44.2,2.23,00:00:00.0,0.00,23.0,79,6.3,0.0,---,---,---,---,---,---,---,---,---,---,52.2182027,0.1491909
1,495.6,0.0,00:03:39.0,00:03:37.4,2.30,00:00:00.0,0.00,23.5,80,6.1,0.0,---,---,---,---,---,---,---,---,---,---,52.2182278,0.1492696
1,501.4,0.0,00:03:41.4,00:03:35.5,2.32,00:00:00.0,0.00,23.5,81,5.8,0.0,---,---,---,---,---,---,---,---,---,---,52.2182496,0.1493464
1,507.7,0.0,00:03:44.0,00:03:31.9,2.36,00:00:00.0,0.00,23.5,82,6.3,0.0,---,---,---,---,---,---,---,---,---,---,52.2182748,0.1494293
1,513.7,0.0,00:03:46.4,00:03:27.5,2.41,00:00:00.0,0.00,24.5,83,6.0,0.0,---,---,---,---,---,---,---,---,---,---,52.2182992,0.1495077
1,519.6,0.0,00:03:48.9,00:03:25.8,2.43,00:00:00.0,0.00,23.5,84,5.9,0.0,---,---,---,---,---,---,---,---,---,---,52.2183243,0.1495839
1,525.9,0.0,00:03:51.7,00:03:24.1,2.45,00:00:00.0,0.00,23.5,85,6.3,0.0,---,---,---,---,---,---,---,---,---,---,52.2183510,0.1496659
1,532.3,0.0,00:03:54.0,00:03:24.1,2.45,00:00:00.0,0.00,24.5,86,6.4,0.0,---,---,---,---,---,---,---,---,---,---,52.2183773,0.1497490
1,538.2,0.0,00:03:56.4,00:03:24.9,2.44,00:00:00.0,0.00,23.5,87,5.9,0.0,---,---,---,---,---,---,---,---,---,---,52.2184016,0.1498263
1,544.6,0.0,00:03:59.0,00:03:24.1,2.45,00:00:00.0,0.00,23.5,88,6.4,0.0,---,---,---,---,---,---,---,---,---,---,52.2184294,0.1499080
1,552.9,0.0,00:04:02.2,00:03:19.2,2.51,00:00:00.0,0.00,18.5,89,8.3,0.0,---,---,---,---,---,---,---,---,---,---,52.2184653,0.1500145
1,562.1,0.0,00:04:05.6,00:03:10.8,2.62,00:00:00.0,0.00,18.5,90,9.2,0.0,---,---,---,---,---,---,---,---,---,---,52.2185044,0.1501330
1,570.4,0.0,00:04:08.6,00:03:04.5,2.71,00:00:00.0,0.00,19.0,91,8.4,0.0,---,---,---,---,---,---,---,---,---,---,52.2185366,0.1502438
1,579.6,0.0,00:04:11.8,00:02:59.9,2.78,00:00:00.0,0.00,18.5,92,9.1,0.0,---,---,---,---,---,---,---,---,---,---,52.2185706,0.1503658
1,588.7,0.0,00:04:15.1,00:02:56.7,2.83,00:00:00.0,0.00,19.0,93,9.1,0.0,---,---,---,---,---,---,---,---,---,---,52.2186011,0.1504902
1,598.0,0.0,00:04:18.2,00:02:54.8,2.86,00:00:00.0,0.00,19.0,94,9.2,0.0,---,---,---,---,---,---,---,---,---,---,52.2186317,0.1506162
1,607.1,0.0,00:04:21.7,00:02:54.2,2.87,00:00:00.0,0.00,19.0,95,9.2,0.0,---,---,---,---,---,---,---,---,---,---,52.2186600,0.1507427
1,615.9,0.0,00:04:24.7,00:02:54.2,2.87,00:00:00.0,0.00,19.0,96,8.7,0.0,---,---,---,---,---,---,---,---,---,---,52.2186821,0.1508657
1,625.2,0.0,00:04:27.8,00:02:53.0,2.89,00:00:00.0,0.00,19.0,97,9.3,0.0,---,---,---,---,---,---,---,---,---,---,52.2187023,0.1509976
1,634.5,0.0,00:04:30.9,00:02:51.2,2.92,00:00:00.0,0.00,19.5,98,9.3,0.0,---,---,---,---,---,---,---,---,---,---,52.2187201,0.1511312
1,645.2,0.0,00:04:34.4,00:02:48.4,2.97,00:00:00.0,0.00,17.0,99,10.7,0.0,---,---,---,---,---,---,---,---,---,---,52.2187431,0.1512837
1,655.8,0.0,00:04:37.8,00:02:44.5,3.04,00:00:00.0,0.00,18.0,100,10.6,0.0,---,---,---,---,---,---,---,---,---,---,52.2187654,0.1514355
1,666.7,0.0,00:04:41.2,00:02:40.3,3.12,00:00:00.0,0.00,18.0,101,10.9,0.0,---,---,---,---,---,---,---,---,---,---,52.2187871,0.1515910
1,676.9,0.0,00:04:44.4,00:02:38.7,3.15,00:00:00.0,0.00,17.5,102,10.2,0.0,---,---,---,---,---,---,---,---,---,---,52.2188061,0.1517376
1,688.4,0.0,00:04:48.0,00:02:37.7,3.17,00:00:00.0,0.00,17.5,103,11.5,0.0,---,---,---,---,---,---,---,---,---,---,52.2188317,0.1519013
1,699.3,0.0,00:04:51.7,00:02:37.7,3.17,00:00:00.0,0.00,18.0,104,10.9,0.0,---,---,---,---,---,---,---,---,---,---,52.2188553,0.1520558
1,709.2,0.0,00:04:54.7,00:02:37.7,3.17,00:00:00.0,0.00,17.5,105,9.8,0.0,---,---,---,---,---,---,---,---,---,---,52.2188788,0.1521950
1,720.6,0.0,00:04:58.0,00:02:36.2,3.20,00:00:00.0,0.00,18.0,106,11.4,0.0,---,---,---,---,---,---,---,---,---,---,52.2189094,0.1523545
1,731.3,0.0,00:05:01.4,00:02:36.7,3.19,00:00:00.0,0.00,18.0,107,10.8,0.0,---,---,---,---,---,---,---,---,---,---,52.2189424,0.1525033
1,742.2,0.0,00:05:04.8,00:02:37.7,3.17,00:00:00.0,0.00,17.5,108,10.8,0.0,---,---,---,---,---,---,---,---,---,---,52.2189808,0.1526491
1,752.2,0.0,00:05:08.0,00:02:37.7,3.17,00:00:00.0,0.00,18.0,109,10.1,0.0,---,---,---,---,---,---,---,---,---,---,52.2190199,0.1527819
1,762.9,0.0,00:05:11.4,00:02:36.7,3.19,00:00:00.0,0.00,18.0,110,10.7,0.0,---,---,---,---,---,---,---,---,---,---,52.2190642,0.1529204
1,773.0,0.0,00:05:14.7,00:02:35.3,3.22,00:00:00.0,0.00,18.0,111,10.1,0.0,---,---,---,---,---,---,---,---,---,---,52.2191115,0.1530468
1,784.4,0.0,00:05:18.0,00:02:31.5,3.30,00:00:00.0,0.00,18.5,112,11.5,0.0,---,---,---,---,---,---,---,---,---,---,52.2191674,0.1531879
1,796.0,0.0,00:05:21.2,00:02:24.9,3.45,00:00:00.0,0.00,18.5,113,11.5,0.0,---,---,---,---,---,---,---,---,---,---,52.2192238,0.1533293
1,807.6,0.0,00:05:24.7,00:02:18.9,3.60,00:00:00.0,0.00,18.5,114,11.7,0.0,---,---,---,---,---,---,---,---,---,---,52.2192825,0.1534710
1,819.0,0.0,00:05:27.7,00:02:15.1,3.70,00:00:00.0,0.00,19.0,115,11.4,0.0,---,---,---,---,---,---,---,---,---,---,52.2193366,0.1536127
1,832.3,0.0,00:05:31.0,00:02:16.2,3.67,00:00:00.0,0.00,38.5,116,13.3,0.0,---,---,---,---,---,---,---,---,---,---,52.2193983,0.1537790
1,839.0,0.0,00:05:32.6,00:02:13.7,3.74,00:00:00.0,0.00,20.5,117,6.7,0.0,---,---,---,---,---,---,---,---,---,---,52.2194306,0.1538617
1,853.8,0.0,00:05:36.2,00:02:05.3,3.99,00:00:00.0,0.00,19.0,118,14.8,0.0,---,---,---,---,---,---,---,---,---,---,52.2195030,0.1540443
1,866.5,0.0,00:05:39.2,00:02:00.8,4.14,00:00:00.0,0.00,19.5,119,12.8,0.0,---,---,---,---,---,---,---,---,---,---,52.2195616,0.1542049
1,880.4,0.0,00:05:42.7,00:01:57.6,4.25,00:00:00.0,0.00,20.0,120,13.8,0.0,---,---,---,---,---,---,---,---,---,---,52.2196238,0.1543805
1,891.5,0.0,00:05:45.0,00:01:56.0,4.31,00:00:00.0,0.00,20.0,121,11.1,0.0,---,---,---,---,---,---,---,---,---,---,52.2196738,0.1545221
1,904.4,0.0,00:05:48.0,00:01:55.5,4.33,00:00:00.0,0.00,20.0,122,12.9,0.0,---,---,---,---,---,---,---,---,---,---,52.2197327,0.1546848
1,919.3,0.0,00:05:51.7,00:01:54.9,4.35,00:00:00.0,0.00,19.5,123,14.9,0.0,---,---,---,---,---,---,---,---,---,---,52.2198014,0.1548714
1,931.2,0.0,00:05:54.2,00:01:55.5,4.33,00:00:00.0,0.00,20.0,124,11.9,0.0,---,---,---,---,---,---,---,---,---,---,52.2198553,0.1550228
1,944.2,0.0,00:05:57.2,00:01:56.3,4.30,00:00:00.0,0.00,20.0,125,13.0,0.0,---,---,---,---,---,---,---,---,---,---,52.2199121,0.1551900
1,957.2,0.0,00:06:00.3,00:01:56.0,4.31,00:00:00.0,0.00,19.5,126,13.0,0.0,---,---,---,---,---,---,---,---,---,---,52.2199666,0.1553587
1,971.0,0.0,00:06:03.7,00:01:56.3,4.30,00:00:00.0,0.00,19.5,127,13.8,0.0,---,---,---,---,---,---,---,---,---,---,52.2200179,0.1555422
1,984.9,0.0,00:06:06.8,00:01:56.8,4.28,00:00:00.0,0.00,19.5,128,13.9,0.0,---,---,---,---,---,---,---,---,---,---,52.2200614,0.1557335
1,997.7,0.0,00:06:09.8,00:01:57.1,4.27,00:00:00.0,0.00,20.0,129,12.8,0.0,---,---,---,---,---,---,---,---,---,---,52.2200967,0.1559124
1,1009.7,0.0,00:06:12.7,00:01:57.4,4.26,00:00:00.0,0.00,19.5,130,12.0,0.0,---,---,---,---,---,---,---,---,---,---,52.2201253,0.1560818
1,1023.0,0.0,00:06:15.8,00:01:56.8,4.28,00:00:00.0,0.00,20.0,131,13.3,0.0,---,---,---,---,---,---,---,---,---,---,52.2201560,0.1562707
1,1030.3,0.0,00:06:18.7,00:02:07.6,3.92,00:00:00.0,0.00,20.0,132,7.2,0.0,---,---,---,---,---,---,---,---,---,---,52.2201607,0.1563765
1,1044.5,0.0,00:06:22.0,00:02:39.7,3.13,00:00:00.0,0.00,19.5,133,14.2,0.0,---,---,---,---,---,---,---,---,---,---,52.2201616,0.1565852
1,1055.0,0.0,00:06:24.9,00:02:36.7,3.19,00:00:00.0,0.00,20.0,134,10.5,0.0,---,---,---,---,---,---,---,---,---,---,52.2201762,0.1567386
1,1071.2,0.0,00:06:28.0,00:02:13.3,3.75,00:00:00.0,0.00,20.0,135,16.2,0.0,---,---,---,---,---,---,---,---,---,---,52.2201969,0.1569732
1,1084.9,0.0,00:06:30.9,00:02:04.1,4.03,00:00:00.0,0.00,20.0,136,13.8,0.0,---,---,---,---,---,---,---,---,---,---,52.2202127,0.1571732
1,1097.3,0.0,00:06:33.7,00:01:57.4,4.26,00:00:00.0,0.00,21.5,137,12.3,0.0,---,---,---,---,---,---,---,---,---,---,52.2202279,0.1573521
1,1110.5,0.0,00:06:36.2,00:01:52.9,4.43,00:00:00.0,0.00,26.0,138,13.3,0.0,---,---,---,---,---,---,---,---,---,---,52.2202430,0.1575447
1,1119.7,0.0,00:06:38.0,00:01:45.9,4.72,00:00:00.0,0.00,20.5,139,9.2,0.0,---,---,---,---,---,---,---,---,---,---,52.2202510,0.1576786
1,1129.0,0.0,00:06:39.9,00:01:41.2,4.94,00:00:00.0,0.00,33.5,140,9.4,0.0,---,---,---,---,---,---,---,---,---,---,52.2202643,0.1578141
1,1138.3,0.0,00:06:41.6,00:01:38.4,5.08,00:00:00.0,0.00,33.5,141,9.3,0.0,---,---,---,---,---,---,---,---,---,---,52.2202800,0.1579478
1,1147.9,0.0,00:06:43.4,00:01:37.1,5.15,00:00:00.0,0.00,35.0,142,9.6,0.0,---,---,---,---,---,---,---,---,---,---,52.2203015,0.1580838
1,1157.7,0.0,00:06:45.3,00:01:35.8,5.22,00:00:00.0,0.00,33.5,143,9.8,0.0,---,---,---,---,---,---,---,---,---,---,52.2203251,0.1582220
1,1167.5,0.0,00:06:47.0,00:01:34.0,5.32,00:00:00.0,0.00,33.5,144,9.8,0.0,---,---,---,---,---,---,---,---,---,---,52.2203488,0.1583601
1,1176.3,0.0,00:06:48.8,00:01:33.8,5.33,00:00:00.0,0.00,36.5,145,8.8,0.0,---,---,---,---,---,---,---,---,---,---,52.2203681,0.1584858
1,1186.9,0.0,00:06:50.6,00:01:32.1,5.43,00:00:00.0,0.00,32.0,146,10.6,0.0,---,---,---,---,---,---,---,---,---,---,52.2203892,0.1586367
1,1196.4,0.0,00:06:52.5,00:01:32.9,5.38,00:00:00.0,0.00,35.0,147,9.5,0.0,---,---,---,---,---,---,---,---,---,---,52.2204063,0.1587735
1,1205.3,0.0,00:06:54.0,00:01:34.0,5.32,00:00:00.0,0.00,32.0,148,8.9,0.0,---,---,---,---,---,---,---,---,---,---,52.2204232,0.1589008
1,1215.0,0.0,00:06:55.8,00:01:34.0,5.32,00:00:00.0,0.00,35.0,149,9.7,0.0,---,---,---,---,---,---,---,---,---,---,52.2204409,0.1590405
1,1223.7,0.0,00:06:57.7,00:01:33.5,5.35,00:00:00.0,0.00,32.0,150,8.7,0.0,---,---,---,---,---,---,---,---,---,---,52.2204564,0.1591654
1,1235.1,0.0,00:06:59.6,00:01:32.4,5.41,00:00:00.0,0.00,35.0,151,11.5,0.0,---,---,---,---,---,---,---,---,---,---,52.2204802,0.1593291
1,1246.6,0.0,00:07:02.0,00:01:36.3,5.19,00:00:00.0,0.00,28.5,152,11.5,0.0,---,---,---,---,---,---,---,---,---,---,52.2205053,0.1594916
1,1258.6,0.0,00:07:04.9,00:01:45.3,4.75,00:00:00.0,0.00,35.0,153,12.1,0.0,---,---,---,---,---,---,---,---,---,---,52.2205352,0.1596615
1,1262.8,0.0,00:07:05.8,00:01:54.9,4.35,00:00:00.0,0.00,23.0,154,4.2,0.0,---,---,---,---,---,---,---,---,---,---,52.2205446,0.1597206
1,1276.6,0.0,00:07:09.2,00:02:02.0,4.10,00:00:00.0,0.00,21.5,155,13.8,0.0,---,---,---,---,---,---,---,---,---,---,52.2205762,0.1599157
1,1287.4,0.0,00:07:12.0,00:02:06.3,3.96,00:00:00.0,0.00,22.0,156,10.9,0.0,---,---,---,---,---,---,---,---,---,---,52.2205997,0.1600707
1,1299.2,0.0,00:07:15.0,00:02:06.3,3.96,00:00:00.0,0.00,21.0,157,11.8,0.0,---,---,---,---,---,---,---,---,---,---,52.2206235,0.1602386
1,1308.6,0.0,00:07:17.5,00:02:05.9,3.97,00:00:00.0,0.00,21.0,158,9.4,0.0,---,---,---,---,---,---,---,---,---,---,52.2206470,0.1603708
1,1322.1,0.0,00:07:20.8,00:02:06.3,3.96,00:00:00.0,0.00,20.0,159,13.5,0.0,---,---,---,---,---,---,---,---,---,---,52.2206881,0.1605570
1,1333.0,0.0,00:07:23.6,00:02:06.6,3.95,00:00:00.0,0.00,21.0,160,10.9,0.0,---,---,---,---,---,---,---,---,---,---,52.2207241,0.1607053
1,1343.2,0.0,00:07:26.2,00:02:06.6,3.95,00:00:00.0,0.00,20.5,161,10.3,0.0,---,---,---,---,---,---,---,---,---,---,52.2207619,0.1608425
1,1357.8,0.0,00:07:29.8,00:02:05.3,3.99,00:00:00.0,0.00,20.5,162,14.6,0.0,---,---,---,---,---,---,---,---,---,---,52.2208157,0.1610382
1,1369.3,0.0,00:07:32.6,00:02:03.2,4.06,00:00:00.0,0.00,20.5,163,11.5,0.0,---,---,---,---,---,---,---,---,---,---,52.2208587,0.1611915
1,1380.8,0.0,00:07:35.4,00:02:02.0,4.10,00:00:00.0,0.00,20.5,164,11.5,0.0,---,---,---,---,---,---,---,---,---,---,52.2208999,0.1613461
1,1394.2,0.0,00:07:38.6,00:02:02.2,4.09,00:00:00.0,0.00,20.0,165,13.4,0.0,---,---,---,---,---,---,---,---,---,---,52.2209467,0.1615271
1,1404.0,0.0,00:07:41.0,00:02:02.0,4.10,00:00:00.0,0.00,21.0,166,9.8,0.0,---,---,---,---,---,---,---,---,---,---,52.2209807,0.1616593
1,1417.3,0.0,00:07:44.2,00:02:01.4,4.12,00:00:00.0,0.00,20.5,167,13.3,0.0,---,---,---,---,---,---,---,---,---,---,52.2210287,0.1618381
1,1429.8,0.0,00:07:47.2,00:02:00.5,4.15,00:00:00.0,0.00,20.0,168,12.4,0.0,---,---,---,---,---,---,---,---,---,---,52.2210743,0.1620046
1,1453.7,0.0,00:07:56.8,00:04:40.9,1.78,00:00:00.0,0.00,23.0,169,24.0,0.0,---,---,---,---,---,---,---,---,---,---,52.2212184,0.1625271
1,1461.3,0.0,00:08:10.9,00:17:00.4,0.49,00:00:00.0,0.00,8.5,170,7.5,0.0,---,---,---,---,---,---,---,---,---,---,52.2212657,0.1627530
1,1471.9,0.0,00:08:14.7,00:05:54.6,1.41,00:00:00.0,0.00,19.5,171,10.6,0.0,---,---,---,---,---,---,---,---,---,---,52.2213122,0.1628892
1,1482.8,0.0,00:08:17.7,00:02:56.7,2.83,00:00:00.0,0.00,21.0,172,10.9,0.0,---,---,---,---,---,---,---,---,---,---,52.2213660,0.1630220
1,1492.7,0.0,00:08:20.1,00:02:18.9,3.60,00:00:00.0,0.00,23.0,173,9.9,0.0,---,---,---,---,---,---,---,---,---,---,52.2214126,0.1631459
1,1502.3,0.0,00:08:22.3,00:02:00.8,4.14,00:00:00.0,0.00,21.5,174,9.7,0.0,---,---,---,---,---,---,---,---,---,---,52.2214514,0.1632721
1,1511.1,0.0,00:08:24.1,00:01:49.6,4.56,00:00:00.0,0.00,29.5,175,8.8,0.0,---,---,---,---,---,---,---,---,---,---,52.2214834,0.1633898
1,1520.1,0.0,00:08:25.9,00:01:43.7,4.82,00:00:00.0,0.00,32.0,176,9.0,0.0,---,---,---,---,---,---,---,---,---,---,52.2215153,0.1635113
1,1528.7,0.0,00:08:27.7,00:01:39.0,5.05,00:00:00.0,0.00,33.5,177,8.6,0.0,---,---,---,---,---,---,---,---,---,---,52.2215457,0.1636271
1,1538.2,0.0,00:08:29.3,00:01:33.5,5.35,00:00:00.0,0.00,35.0,178,9.5,0.0,---,---,---,---,---,---,---,---,---,---,52.2215775,0.1637569
1,1546.0,0.0,00:08:30.9,00:01:32.4,5.41,00:00:00.0,0.00,36.5,179,7.8,0.0,---,---,---,---,---,---,---,---,---,---,52.2216030,0.1638629
1,1556.7,0.0,00:08:32.7,00:01:31.7,5.45,00:00:00.0,0.00,35.0,180,10.7,0.0,---,---,---,---,---,---,---,---,---,---,52.2216394,0.1640080
1,1565.6,0.0,00:08:34.3,00:01:30.4,5.53,00:00:00.0,0.00,35.0,181,9.0,0.0,---,---,---,---,---,---,---,---,---,---,52.2216714,0.1641284
1,1574.6,0.0,00:08:35.9,00:01:30.4,5.53,00:00:00.0,0.00,35.0,182,9.0,0.0,---,---,---,---,---,---,---,---,---,---,52.2217018,0.1642507
1,1584.7,0.0,00:08:37.7,00:01:30.1,5.55,00:00:00.0,0.00,35.0,183,10.0,0.0,---,---,---,---,---,---,---,---,---,---,52.2217366,0.1643863
1,1594.6,0.0,00:08:39.8,00:01:29.8,5.57,00:00:00.0,0.00,35.0,184,10.0,0.0,---,---,---,---,---,---,---,---,---,---,52.2217711,0.1645213
1,1606.5,0.0,00:08:41.7,00:01:29.4,5.59,00:00:00.0,0.00,35.0,185,11.8,0.0,---,---,---,---,---,---,---,---,---,---,52.2218114,0.1646818
1,1639.7,0.0,00:08:53.2,00:17:43.8,0.47,00:00:00.0,0.00,14.0,186,33.3,0.0,---,---,---,---,---,---,---,---,---,---,52.2220391,0.1655939
1,1648.8,0.0,00:08:57.1,00:06:33.7,1.27,00:00:00.0,0.00,16.5,187,9.1,0.0,---,---,---,---,---,---,---,---,---,---,52.2220166,0.1654650
1,1672.2,0.0,00:09:07.5,00:06:33.7,1.27,00:00:00.0,0.00,18.0,188,23.5,0.0,---,---,---,---,---,---,---,---,---,---,52.2218661,0.1646916
1,1684.4,0.0,00:09:11.1,00:03:11.6,2.61,00:00:00.0,0.00,21.0,189,12.2,0.0,---,---,---,---,---,---,---,---,---,---,52.2218121,0.1645365
1,1693.9,0.0,00:09:13.5,00:02:27.9,3.38,00:00:00.0,0.00,23.5,190,9.5,0.0,---,---,---,---,---,---,---,---,---,---,52.2217733,0.1644121
1,1702.8,0.0,00:09:15.5,00:02:05.0,4.00,00:00:00.0,0.00,21.0,191,8.8,0.0,---,---,---,---,---,---,---,---,---,---,52.2217382,0.1642960
1,1711.3,0.0,00:09:17.3,00:01:50.6,4.52,00:00:00.0,0.00,30.5,192,8.5,0.0,---,---,---,---,---,---,---,---,---,---,52.2217049,0.1641834
1,1719.2,0.0,00:09:18.9,00:01:44.6,4.78,00:00:00.0,0.00,35.0,193,8.0,0.0,---,---,---,---,---,---,---,---,---,---,52.2216726,0.1640792
1,1728.0,0.0,00:09:20.7,00:01:40.8,4.96,00:00:00.0,0.00,35.0,194,8.8,0.0,---,---,---,---,---,---,---,---,---,---,52.2216402,0.1639614
1,1736.4,0.0,00:09:22.3,00:01:38.6,5.07,00:00:00.0,0.00,35.0,195,8.4,0.0,---,---,---,---,---,---,---,---,---,---,52.2216077,0.1638505
1,1745.1,0.0,00:09:24.1,00:01:36.7,5.17,00:00:00.0,0.00,35.0,196,8.6,0.0,---,---,---,---,---,---,---,---,---,---,52.2215736,0.1637369
1,1755.4,0.0,00:09:25.9,00:01:33.5,5.35,00:00:00.0,0.00,35.0,197,10.3,0.0,---,---,---,---,---,---,---,---,---,---,52.2215354,0.1635993
1,1763.8,0.0,00:09:27.5,00:01:33.6,5.34,00:00:00.0,0.00,35.0,198,8.5,0.0,---,---,---,---,---,---,---,---,---,---,52.2215040,0.1634861
1,1773.4,0.0,00:09:29.3,00:01:34.5,5.29,00:00:00.0,0.00,36.5,199,9.6,0.0,---,---,---,---,---,---,---,---,---,---,52.2214698,0.1633575
1,1783.0,0.0,00:09:31.1,00:01:34.0,5.32,00:00:00.0,0.00,33.5,200,9.6,0.0,---,---,---,---,---,---,---,---,---,---,52.2214356,0.1632283
1,1791.5,0.0,00:09:32.7,00:01:34.2,5.31,00:00:00.0,0.00,33.5,201,8.5,0.0,---,---,---,---,---,---,---,---,---,---,52.2214057,0.1631141
1,1800.9,0.0,00:09:34.5,00:01:33.6,5.34,00:00:00.0,0.00,36.5,202,9.4,0.0,---,---,---,---,---,---,---,---,---,---,52.2213725,0.1629866
1,1808.8,0.0,00:09:36.1,00:01:33.5,5.35,00:00:00.0,0.00,35.0,203,7.9,0.0,---,---,---,---,---,---,---,---,---,---,52.2213437,0.1628810
1,1820.0,0.0,00:09:38.1,00:01:32.4,5.41,00:00:00.0,0.00,35.0,204,11.2,0.0,---,---,---,---,---,---,---,---,---,---,52.2213050,0.1627293
1,1828.7,0.0,00:09:39.7,00:01:32.6,5.40,00:00:00.0,0.00,33.5,205,8.7,0.0,---,---,---,---,---,---,---,---,---,---,52.2212736,0.1626118
1,1838.3,0.0,00:09:41.5,00:01:34.0,5.32,00:00:00.0,0.00,33.5,206,9.5,0.0,---,---,---,---,---,---,---,---,---,---,52.2212408,0.1624827
1,1847.6,0.0,00:09:43.3,00:01:36.3,5.19,00:00:00.0,0.00,33.5,207,9.4,0.0,---,---,---,---,---,---,---,---,---,---,52.2212081,0.1623564
1,1856.1,0.0,00:09:45.1,00:01:37.5,5.13,00:00:00.0,0.00,33.5,208,8.5,0.0,---,---,---,---,---,---,---,---,---,---,52.2211767,0.1622426
1,1866.4,0.0,00:09:46.9,00:01:34.2,5.31,00:00:00.0,0.00,33.5,209,10.2,0.0,---,---,---,---,---,---,---,---,---,---,52.2211382,0.1621063
1,1875.8,0.0,00:09:48.7,00:01:34.0,5.32,00:00:00.0,0.00,33.5,210,9.4,0.0,---,---,---,---,---,---,---,---,---,---,52.2211024,0.1619819
1,1885.9,0.0,00:09:50.7,00:01:35.6,5.23,00:00:00.0,0.00,32.0,211,10.2,0.0,---,---,---,---,---,---,---,---,---,---,52.2210636,0.1618469
1,1916.0,0.0,00:09:57.7,00:01:44.4,4.79,00:00:00.0,0.00,8.5,212,30.1,0.0,---,---,---,---,---,---,---,---,---,---,52.2209539,0.1614435
1,1926.2,0.0,00:10:00.5,00:02:06.6,3.95,00:00:00.0,0.00,33.5,213,10.1,0.0,---,---,---,---,---,---,---,---,---,---,52.2209187,0.1613067
1,1934.7,0.0,00:10:03.1,00:02:21.2,3.54,00:00:00.0,0.00,22.0,214,8.5,0.0,---,---,---,---,---,---,---,---,---,---,52.2208917,0.1611886
1,1944.8,0.0,00:10:06.1,00:02:22.9,3.50,00:00:00.0,0.00,21.5,215,10.1,0.0,---,---,---,---,---,---,---,---,---,---,52.2208616,0.1610494
1,1953.5,0.0,00:10:08.5,00:02:27.1,3.40,00:00:00.0,0.00,21.5,216,8.7,0.0,---,---,---,---,---,---,---,---,---,---,52.2208374,0.1609280
1,1961.7,0.0,00:10:10.9,00:02:28.8,3.36,00:00:00.0,0.00,21.0,217,8.2,0.0,---,---,---,---,---,---,---,---,---,---,52.2208151,0.1608132
1,1973.9,0.0,00:10:14.3,00:02:24.5,3.46,00:00:00.0,0.00,20.5,218,12.1,0.0,---,---,---,---,---,---,---,---,---,---,52.2207797,0.1606449
1,1982.4,0.0,00:10:16.7,00:02:20.1,3.57,00:00:00.0,0.00,21.0,219,8.6,0.0,---,---,---,---,---,---,---,---,---,---,52.2207517,0.1605278
1,1993.7,0.0,00:10:19.7,00:02:17.7,3.63,00:00:00.0,0.00,21.0,220,11.3,0.0,---,---,---,---,---,---,---,---,---,---,52.2207191,0.1603715
1,2006.1,0.0,00:10:22.9,00:02:15.1,3.70,00:00:00.0,0.00,21.0,221,12.3,0.0,---,---,---,---,---,---,---,---,---,---,52.2206849,0.1601990
1,2016.6,0.0,00:10:25.7,00:02:14.0,3.73,00:00:00.0,0.00,20.5,222,10.5,0.0,---,---,---,---,---,---,---,---,---,---,52.2206563,0.1600518
1,2028.0,0.0,00:10:28.7,00:02:14.4,3.72,00:00:00.0,0.00,21.0,223,11.4,0.0,---,---,---,---,---,---,---,---,---,---,52.2206261,0.1598913
1,2038.8,0.0,00:10:31.5,00:02:13.0,3.76,00:00:00.0,0.00,20.5,224,10.8,0.0,---,---,---,---,---,---,---,---,---,---,52.2206007,0.1597384
1,2050.5,0.0,00:10:34.5,00:02:11.2,3.81,00:00:00.0,0.00,20.5,225,11.6,0.0,---,---,---,---,---,---,---,---,---,---,52.2205744,0.1595732
1,2061.4,0.0,00:10:37.3,00:02:10.5,3.83,00:00:00.0,0.00,20.5,226,10.9,0.0,---,---,---,---,---,---,---,---,---,---,52.2205504,0.1594183
1,2073.2,0.0,00:10:40.3,00:02:09.5,3.86,00:00:00.0,0.00,20.5,227,11.9,0.0,---,---,---,---,---,---,---,---,---,---,52.2205230,0.1592503
1,2083.5,0.0,00:10:42.9,00:02:08.2,3.90,00:00:00.0,0.00,21.0,228,10.2,0.0,---,---,---,---,---,---,---,---,---,---,52.2204994,0.1591052
1,2095.3,0.0,00:10:45.9,00:02:07.6,3.92,00:00:00.0,0.00,20.5,229,11.8,0.0,---,---,---,---,---,---,---,---,---,---,52.2204730,0.1589379
1,2107.0,0.0,00:10:48.9,00:02:07.9,3.91,00:00:00.0,0.00,20.5,230,11.8,0.0,---,---,---,---,---,---,---,---,---,---,52.2204486,0.1587698
1,2117.9,0.0,00:10:51.7,00:02:08.2,3.90,00:00:00.0,0.00,20.5,231,10.9,0.0,---,---,---,---,---,---,---,---,---,---,52.2204255,0.1586150
1,2131.5,0.0,00:10:55.1,00:02:07.6,3.92,00:00:00.0,0.00,20.0,232,13.5,0.0,---,---,---,---,---,---,---,---,---,---,52.2203956,0.1584225
1,2142.4,0.0,00:10:57.9,00:02:06.9,3.94,00:00:00.0,0.00,20.5,233,10.9,0.0,---,---,---,---,---,---,---,---,---,---,52.2203697,0.1582680
1,2154.4,0.0,00:11:00.9,00:02:07.2,3.93,00:00:00.0,0.00,20.0,234,12.0,0.0,---,---,---,---,---,---,---,---,---,---,52.2203465,0.1580965
1,2164.3,0.0,00:11:03.5,00:02:07.6,3.92,00:00:00.0,0.00,21.0,235,10.0,0.0,---,---,---,---,---,---,---,---,---,---,52.2203339,0.1579515
1,2176.5,0.0,00:11:06.5,00:02:06.6,3.95,00:00:00.0,0.00,20.0,236,12.1,0.0,---,---,---,---,---,---,---,---,---,---,52.2203119,0.1577772
1,2187.3,0.0,00:11:09.4,00:02:05.6,3.98,00:00:00.0,0.00,20.5,237,10.8,0.0,---,---,---,---,---,---,---,---,---,---,52.2202932,0.1576211
1,2200.7,0.0,00:11:12.7,00:02:06.6,3.95,00:00:00.0,0.00,20.5,238,13.4,0.0,---,---,---,---,---,---,---,---,---,---,52.2202706,0.1574283
1,2210.7,0.0,00:11:15.4,00:02:07.6,3.92,00:00:00.0,0.00,20.0,239,10.0,0.0,---,---,---,---,---,---,---,---,---,---,52.2202560,0.1572834
1,2220.8,0.0,00:11:18.1,00:02:07.9,3.91,00:00:00.0,0.00,20.5,240,10.0,0.0,---,---,---,---,---,---,---,---,---,---,52.2202445,0.1571373
1,2235.1,0.0,00:11:21.5,00:02:08.5,3.89,00:00:00.0,0.00,20.5,241,14.3,0.0,---,---,---,---,---,---,---,---,---,---,52.2202295,0.1569290
1,2243.0,0.0,00:11:24.1,00:02:10.9,3.82,00:00:00.0,0.00,21.0,242,7.9,0.0,---,---,---,---,---,---,---,---,---,---,52.2202268,0.1568130
1,2252.9,0.0,00:11:27.2,00:02:26.6,3.41,00:00:00.0,0.00,20.5,243,9.9,0.0,---,---,---,---,---,---,---,---,---,---,52.2202292,0.1566683
1,2260.7,0.0,00:11:30.3,00:03:01.2,2.76,00:00:00.0,0.00,20.5,244,7.9,0.0,---,---,---,---,---,---,---,---,---,---,52.2202251,0.1565536
1,2269.7,0.0,00:11:33.2,00:03:37.4,2.30,00:00:00.0,0.00,21.0,245,9.0,0.0,---,---,---,---,---,---,---,---,---,---,52.2202179,0.1564245
1,2282.3,0.0,00:11:36.2,00:03:00.5,2.77,00:00:00.0,0.00,20.0,246,12.6,0.0,---,---,---,---,---,---,---,---,---,---,52.2201905,0.1562452
1,2295.1,0.0,00:11:39.1,00:02:20.1,3.57,00:00:00.0,0.00,21.0,247,12.8,0.0,---,---,---,---,---,---,---,---,---,---,52.2201580,0.1560659
1,2321.4,0.0,00:11:49.3,00:16:01.5,0.52,00:00:00.0,0.00,17.5,248,26.3,0.0,---,---,---,---,---,---,---,---,---,---,52.2200170,0.1554810
1,2330.5,0.0,00:11:52.9,00:05:31.1,1.51,00:00:00.0,0.00,17.0,249,9.1,0.0,---,---,---,---,---,---,---,---,---,---,52.2200441,0.1556074
1,2342.0,0.0,00:11:56.3,00:03:08.0,2.66,00:00:00.0,0.00,18.5,250,11.4,0.0,---,---,---,---,---,---,---,---,---,---,52.2200810,0.1557638
1,2352.3,0.0,00:11:59.1,00:02:30.6,3.32,00:00:00.0,0.00,20.0,251,10.3,0.0,---,---,---,---,---,---,---,---,---,---,52.2201105,0.1559078
1,2366.1,0.0,00:12:02.5,00:02:15.1,3.70,00:00:00.0,0.00,20.5,252,13.8,0.0,---,---,---,---,---,---,---,---,---,---,52.2201418,0.1561033
1,2375.8,0.0,00:12:04.9,00:02:05.9,3.97,00:00:00.0,0.00,21.0,253,9.8,0.0,---,---,---,---,---,---,---,---,---,---,52.2201624,0.1562424
1,2387.0,0.0,00:12:08.1,00:02:02.5,4.08,00:00:00.0,0.00,21.0,254,11.1,0.0,---,---,---,---,---,---,---,---,---,---,52.2201621,0.1564062
1,2396.9,0.0,00:12:10.7,00:02:17.0,3.65,00:00:00.0,0.00,22.5,255,10.0,0.0,---,---,---,---,---,---,---,---,---,---,52.2201778,0.1565504
1,2407.2,0.0,00:12:13.5,00:02:23.7,3.48,00:00:00.0,0.00,22.0,256,10.3,0.0,---,---,---,---,---,---,---,---,---,---,52.2201729,0.1567013
1,2418.8,0.0,00:12:16.2,00:02:19.7,3.58,00:00:00.0,0.00,21.5,257,11.6,0.0,---,---,---,---,---,---,---,---,---,---,52.2201865,0.1568708
1,2432.1,0.0,00:12:18.9,00:02:09.5,3.86,00:00:00.0,0.00,22.0,258,13.3,0.0,---,---,---,---,---,---,---,---,---,---,52.2202066,0.1570623
1,2446.4,0.0,00:12:21.9,00:01:55.2,4.34,00:00:00.0,0.00,21.5,259,14.3,0.0,---,---,---,---,---,---,---,---,---,---,52.2202233,0.1572703
1,2459.4,0.0,00:12:24.5,00:01:53.4,4.41,00:00:00.0,0.00,21.5,260,13.0,0.0,---,---,---,---,---,---,---,---,---,---,52.2202407,0.1574588
1,2472.3,0.0,00:12:27.3,00:01:51.4,4.49,00:00:00.0,0.00,21.5,261,13.0,0.0,---,---,---,---,---,---,---,---,---,---,52.2202583,0.1576465
1,2485.2,0.0,00:12:30.1,00:01:50.4,4.53,00:00:00.0,0.00,21.0,262,12.8,0.0,---,---,---,---,---,---,---,---,---,---,52.2202740,0.1578328
1,2497.8,0.0,00:12:32.9,00:01:51.4,4.49,00:00:00.0,0.00,22.0,263,12.7,0.0,---,---,---,---,---,---,---,---,---,---,52.2202901,0.1580166
1,2511.4,0.0,00:12:35.9,00:01:52.9,4.43,00:00:00.0,0.00,21.0,264,13.6,0.0,---,---,---,---,---,---,---,---,---,---,52.2203068,0.1582143
1,2524.0,0.0,00:12:38.7,00:01:53.9,4.39,00:00:00.0,0.00,21.0,265,12.6,0.0,---,---,---,---,---,---,---,---,---,---,52.2203265,0.1583958
1,2537.4,0.0,00:12:41.7,00:01:54.4,4.37,00:00:00.0,0.00,20.5,266,13.3,0.0,---,---,---,---,---,---,---,---,---,---,52.2203502,0.1585877
1,2549.6,0.0,00:12:44.5,00:01:54.9,4.35,00:00:00.0,0.00,21.0,267,12.3,0.0,---,---,---,---,---,---,---,---,---,---,52.2203730,0.1587633
1,2561.9,0.0,00:12:47.3,00:01:55.2,4.34,00:00:00.0,0.00,20.5,268,12.3,0.0,---,---,---,---,---,---,---,---,---,---,52.2203991,0.1589381
1,2574.9,0.0,00:12:50.3,00:01:55.2,4.34,00:00:00.0,0.00,20.5,269,13.0,0.0,---,---,---,---,---,---,---,---,---,---,52.2204262,0.1591233
1,2587.9,0.0,00:12:53.3,00:01:55.7,4.32,00:00:00.0,0.00,21.0,270,13.1,0.0,---,---,---,---,---,---,---,---,---,---,52.2204523,0.1593101
1,2600.0,0.0,00:12:56.1,00:01:56.0,4.31,00:00:00.0,0.00,20.0,271,12.1,0.0,---,---,---,---,---,---,---,---,---,---,52.2204799,0.1594817
1,2612.8,0.0,00:12:59.1,00:01:56.3,4.30,00:00:00.0,0.00,21.0,272,12.7,0.0,---,---,---,---,---,---,---,---,---,---,52.2205112,0.1596614
1,2625.8,0.0,00:13:02.1,00:01:56.8,4.28,00:00:00.0,0.00,20.5,273,13.0,0.0,---,---,---,---,---,---,---,---,---,---,52.2205428,0.1598455
1,2639.4,0.0,00:13:05.3,00:01:56.3,4.30,00:00:00.0,0.00,20.5,274,13.6,0.0,---,---,---,---,---,---,---,---,---,---,52.2205778,0.1600371
1,2650.7,0.0,00:13:07.9,00:01:56.3,4.30,00:00:00.0,0.00,20.0,275,11.2,0.0,---,---,---,---,---,---,---,---,---,---,52.2206080,0.1601943
1,2663.6,0.0,00:13:10.9,00:01:56.0,4.31,00:00:00.0,0.00,20.5,276,13.0,0.0,---,---,---,---,---,---,---,---,---,---,52.2206447,0.1603749
1,2673.7,0.0,00:13:13.3,00:01:56.0,4.31,00:00:00.0,0.00,20.5,277,10.1,0.0,---,---,---,---,---,---,---,---,---,---,52.2206727,0.1605157
1,2688.9,0.0,00:13:16.9,00:01:56.6,4.29,00:00:00.0,0.00,20.0,278,15.2,0.0,---,---,---,---,---,---,---,---,---,---,52.2207193,0.1607246
1,2718.2,0.0,00:13:27.0,00:06:07.6,1.36,00:00:00.0,0.00,18.5,279,29.4,0.0,---,---,---,---,---,---,---,---,---,---,52.2209298,0.1615874
1,2731.3,0.0,00:13:30.6,00:02:58.6,2.80,00:00:00.0,0.00,21.0,280,13.1,0.0,---,---,---,---,---,---,---,---,---,---,52.2209828,0.1617589
1,2741.3,0.0,00:13:33.0,00:02:18.1,3.62,00:00:00.0,0.00,23.0,281,9.9,0.0,---,---,---,---,---,---,---,---,---,---,52.2210258,0.1618865
1,2749.7,0.0,00:13:35.0,00:01:59.3,4.19,00:00:00.0,0.00,21.5,282,8.4,0.0,---,---,---,---,---,---,---,---,---,---,52.2210618,0.1619945
1,2759.0,0.0,00:13:36.8,00:01:47.3,4.66,00:00:00.0,0.00,32.0,283,9.3,0.0,---,---,---,---,---,---,---,---,---,---,52.2210998,0.1621162
1,2768.1,0.0,00:13:38.5,00:01:41.4,4.93,00:00:00.0,0.00,33.0,284,9.1,0.0,---,---,---,---,---,---,---,---,---,---,52.2211352,0.1622371
1,2776.7,0.0,00:13:40.2,00:01:38.0,5.10,00:00:00.0,0.00,35.0,285,8.6,0.0,---,---,---,---,---,---,---,---,---,---,52.2211671,0.1623514
1,2786.1,0.0,00:13:42.0,00:01:35.4,5.24,00:00:00.0,0.00,35.0,286,9.4,0.0,---,---,---,---,---,---,---,---,---,---,52.2212030,0.1624759
1,2795.0,0.0,00:13:43.5,00:01:33.1,5.37,00:00:00.0,0.00,35.0,287,8.9,0.0,---,---,---,---,---,---,---,---,---,---,52.2212375,0.1625935
1,2804.7,0.0,00:13:45.4,00:01:30.7,5.51,00:00:00.0,0.00,36.5,288,9.7,0.0,---,---,---,---,---,---,---,---,---,---,52.2212766,0.1627206
1,2813.8,0.0,00:13:47.1,00:01:30.4,5.53,00:00:00.0,0.00,33.5,289,9.2,0.0,---,---,---,---,---,---,---,---,---,---,52.2213138,0.1628404
1,2823.6,0.0,00:13:48.8,00:01:28.8,5.63,00:00:00.0,0.00,35.0,290,9.8,0.0,---,---,---,---,---,---,---,---,---,---,52.2213523,0.1629696
1,2833.4,0.0,00:13:50.6,00:01:28.8,5.63,00:00:00.0,0.00,33.5,291,9.8,0.0,---,---,---,---,---,---,---,---,---,---,52.2213911,0.1630991
1,2843.3,0.0,00:13:52.4,00:01:30.4,5.53,00:00:00.0,0.00,36.5,292,9.9,0.0,---,---,---,---,---,---,---,---,---,---,52.2214295,0.1632300
1,2852.4,0.0,00:13:54.0,00:01:30.6,5.52,00:00:00.0,0.00,35.0,293,9.1,0.0,---,---,---,---,---,---,---,---,---,---,52.2214642,0.1633504
1,2862.3,0.0,00:13:56.0,00:01:30.3,5.54,00:00:00.0,0.00,33.5,294,9.9,0.0,---,---,---,---,---,---,---,---,---,---,52.2215014,0.1634823
1,2872.1,0.0,00:13:57.6,00:01:28.8,5.63,00:00:00.0,0.00,33.0,295,9.8,0.0,---,---,---,---,---,---,---,---,---,---,52.2215375,0.1636136
1,2882.0,0.0,00:13:59.4,00:01:30.3,5.54,00:00:00.0,0.00,35.0,296,9.9,0.0,---,---,---,---,---,---,---,---,---,---,52.2215739,0.1637455
1,2891.9,0.0,00:14:01.2,00:01:31.6,5.46,00:00:00.0,0.00,33.5,297,9.9,0.0,---,---,---,---,---,---,---,---,---,---,52.2216114,0.1638779
1,2902.6,0.0,00:14:03.2,00:01:30.4,5.53,00:00:00.0,0.00,32.0,298,10.7,0.0,---,---,---,---,---,---,---,---,---,---,52.2216496,0.1640217
1,2912.5,0.0,00:14:05.1,00:01:31.1,5.49,00:00:00.0,0.00,32.0,299,9.8,0.0,---,---,---,---,---,---,---,---,---,---,52.2216839,0.1641549
1,2950.5,0.0,00:14:16.3,00:03:10.1,2.63,00:00:00.0,0.00,16.0,300,38.0,0.0,---,---,---,---,---,---,---,---,---,---,52.2219186,0.1650499
1,2956.1,0.0,00:14:25.4,00:15:25.9,0.54,00:00:00.0,0.00,21.0,301,5.6,0.0,---,---,---,---,---,---,---,---,---,---,52.2219443,0.1651900
1,2959.8,0.0,00:14:34.9,00:21:55.8,0.38,00:00:00.0,0.00,10.0,302,3.7,0.0,---,---,---,---,---,---,---,---,---,---,52.2219629,0.1651445
1,2968.1,0.0,00:14:38.5,00:06:49.8,1.22,00:00:00.0,0.00,17.0,303,8.4,0.0,---,---,---,---,---,---,---,---,---,---,52.2219386,0.1650285
1,2977.9,0.0,00:14:41.7,00:03:20.0,2.50,00:00:00.0,0.00,18.5,304,9.7,0.0,---,---,---,---,---,---,---,---,---,---,52.2219033,0.1648977
1,2989.0,0.0,00:14:44.9,00:02:36.7,3.19,00:00:00.0,0.00,19.5,305,11.2,0.0,---,---,---,---,---,---,---,---,---,---,52.2218605,0.1647495
1,3000.1,0.0,00:14:47.9,00:02:20.1,3.57,00:00:00.0,0.00,19.5,306,11.1,0.0,---,---,---,---,---,---,---,---,---,---,52.2218219,0.1645996
1,3014.2,0.0,00:14:51.8,00:02:11.6,3.80,00:00:00.0,0.00,20.0,307,14.1,0.0,---,---,---,---,---,---,---,---,---,---,52.2217733,0.1644090
1,3025.1,0.0,00:14:54.3,00:02:07.6,3.92,00:00:00.0,0.00,20.5,308,10.9,0.0,---,---,---,---,---,---,---,---,---,---,52.2217358,0.1642615
1,3037.2,0.0,00:14:57.3,00:02:05.3,3.99,00:00:00.0,0.00,20.5,309,12.1,0.0,---,---,---,---,---,---,---,---,---,---,52.2216930,0.1640991
1,3050.1,0.0,00:15:00.8,00:02:03.2,4.06,00:00:00.0,0.00,20.0,310,13.0,0.0,---,---,---,---,---,---,---,---,---,---,52.2216445,0.1639267
1,3060.5,0.0,00:15:03.1,00:02:01.4,4.12,00:00:00.0,0.00,21.0,311,10.5,0.0,---,---,---,---,---,---,---,---,---,---,52.2216080,0.1637861
1,3072.9,0.0,00:15:06.2,00:02:01.7,4.11,00:00:00.0,0.00,20.5,312,12.4,0.0,---,---,---,---,---,---,---,---,---,---,52.2215649,0.1636185
1,3085.2,0.0,00:15:09.1,00:02:00.5,4.15,00:00:00.0,0.00,20.5,313,12.3,0.0,---,---,---,---,---,---,---,---,---,---,52.2215203,0.1634532
1,3096.7,0.0,00:15:11.9,00:02:00.2,4.16,00:00:00.0,0.00,20.5,314,11.5,0.0,---,---,---,---,---,---,---,---,---,---,52.2214782,0.1632996
1,3109.1,0.0,00:15:14.9,00:01:58.2,4.23,00:00:00.0,0.00,20.5,315,12.4,0.0,---,---,---,---,---,---,---,---,---,---,52.2214300,0.1631361
1,3121.0,0.0,00:15:17.9,00:01:58.5,4.22,00:00:00.0,0.00,20.5,316,12.0,0.0,---,---,---,---,---,---,---,---,---,---,52.2213829,0.1629786
1,3132.4,0.0,00:15:20.7,00:02:02.0,4.10,00:00:00.0,0.00,20.0,317,11.4,0.0,---,---,---,---,---,---,---,---,---,---,52.2213369,0.1628300
1,3144.4,0.0,00:15:23.7,00:02:02.2,4.09,00:00:00.0,0.00,21.0,318,12.1,0.0,---,---,---,---,---,---,---,---,---,---,52.2212889,0.1626716
1,3156.4,0.0,00:15:26.7,00:02:02.5,4.08,00:00:00.0,0.00,20.5,319,12.0,0.0,---,---,---,---,---,---,---,---,---,---,52.2212413,0.1625139
1,3166.7,0.0,00:15:29.3,00:02:04.1,4.03,00:00:00.0,0.00,20.0,320,10.2,0.0,---,---,---,---,---,---,---,---,---,---,52.2212022,0.1623783
1,3181.4,0.0,00:15:32.9,00:02:04.7,4.01,00:00:00.0,0.00,20.0,321,14.7,0.0,---,---,---,---,---,---,---,---,---,---,52.2211466,0.1621826
1,3192.8,0.0,00:15:35.7,00:02:03.8,4.04,00:00:00.0,0.00,20.0,322,11.4,0.0,---,---,---,---,---,---,---,---,---,---,52.2211039,0.1620308
1,3203.1,0.0,00:15:38.4,00:02:03.2,4.06,00:00:00.0,0.00,20.0,323,10.3,0.0,---,---,---,---,---,---,---,---,---,---,52.2210670,0.1618912
1,3215.3,0.0,00:15:41.3,00:02:02.8,4.07,00:00:00.0,0.00,20.0,324,12.2,0.0,---,---,---,---,---,---,---,---,---,---,52.2210237,0.1617269
1,3229.2,0.0,00:15:44.8,00:02:02.5,4.08,00:00:00.0,0.00,20.0,325,13.9,0.0,---,---,---,---,---,---,---,---,---,---,52.2209779,0.1615371
1,3241.4,0.0,00:15:47.7,00:02:02.5,4.08,00:00:00.0,0.00,20.5,326,12.2,0.0,---,---,---,---,---,---,---,---,---,---,52.2209376,0.1613714
1,3253.7,0.0,00:15:50.7,00:02:03.8,4.04,00:00:00.0,0.00,19.5,327,12.3,0.0,---,---,---,---,---,---,---,---,---,---,52.2208964,0.1612043
1,3265.0,0.0,00:15:53.5,00:02:03.8,4.04,00:00:00.0,0.00,20.5,328,11.4,0.0,---,---,---,---,---,---,---,---,---,---,52.2208572,0.1610504
1,3277.0,0.0,00:15:56.5,00:02:05.3,3.99,00:00:00.0,0.00,20.5,329,12.0,0.0,---,---,---,---,---,---,---,---,---,---,52.2208222,0.1608843
1,3290.0,0.0,00:15:59.7,00:02:05.3,3.99,00:00:00.0,0.00,19.5,330,13.0,0.0,---,---,---,---,---,---,---,---,---,---,52.2207839,0.1607050
1,3300.3,0.0,00:16:02.3,00:02:03.8,4.04,00:00:00.0,0.00,20.5,331,10.3,0.0,---,---,---,---,---,---,---,---,---,---,52.2207542,0.1605611
1,3312.6,0.0,00:16:05.4,00:02:03.8,4.04,00:00:00.0,0.00,20.0,332,12.3,0.0,---,---,---,---,---,---,---,---,---,---,52.2207209,0.1603899
1,3326.6,0.0,00:16:08.7,00:02:02.5,4.08,00:00:00.0,0.00,19.5,333,14.0,0.0,---,---,---,---,---,---,---,---,---,---,52.2206831,0.1601940
1,3337.2,0.0,00:16:11.4,00:02:02.5,4.08,00:00:00.0,0.00,20.5,334,10.6,0.0,---,---,---,---,---,---,---,---,---,---,52.2206552,0.1600456
1,3350.0,0.0,00:16:14.5,00:02:03.2,4.06,00:00:00.0,0.00,19.5,335,12.9,0.0,---,---,---,---,---,---,---,---,---,---,52.2206278,0.1598622
1,3364.0,0.0,00:16:18.0,00:02:02.0,4.10,00:00:00.0,0.00,19.5,336,13.9,0.0,---,---,---,---,---,---,---,---,---,---,52.2205978,0.1596641
1,3374.3,0.0,00:16:20.5,00:02:01.7,4.11,00:00:00.0,0.00,20.5,337,10.3,0.0,---,---,---,---,---,---,---,---,---,---,52.2205748,0.1595175
1,3388.3,0.0,00:16:24.0,00:02:02.2,4.09,00:00:00.0,0.00,19.5,338,14.0,0.0,---,---,---,---,---,---,---,---,---,---,52.2205432,0.1593189
1,3400.5,0.0,00:16:26.9,00:02:02.0,4.10,00:00:00.0,0.00,20.0,339,12.3,0.0,---,---,---,---,---,---,---,---,---,---,52.2205135,0.1591460
1,3411.9,0.0,00:16:29.7,00:02:02.2,4.09,00:00:00.0,0.00,20.0,340,11.4,0.0,---,---,---,---,---,---,---,---,---,---,52.2204859,0.1589851
1,3424.1,0.0,00:16:32.7,00:02:02.2,4.09,00:00:00.0,0.00,20.5,341,12.2,0.0,---,---,---,---,---,---,---,---,---,---,52.2204594,0.1588121
1,3437.9,0.0,00:16:36.1,00:02:02.0,4.10,00:00:00.0,0.00,20.0,342,13.8,0.0,---,---,---,---,---,---,---,---,---,---,52.2204334,0.1586139
1,3450.1,0.0,00:16:39.1,00:02:02.0,4.10,00:00:00.0,0.00,19.5,343,12.2,0.0,---,---,---,---,---,---,---,---,---,---,52.2204085,0.1584390
1,3462.1,0.0,00:16:42.1,00:02:01.7,4.11,00:00:00.0,0.00,20.5,344,12.0,0.0,---,---,---,---,---,---,---,---,---,---,52.2203815,0.1582690
1,3472.8,0.0,00:16:44.7,00:02:01.7,4.11,00:00:00.0,0.00,20.0,345,10.7,0.0,---,---,---,---,---,---,---,---,---,---,52.2203553,0.1581187
1,3486.5,0.0,00:16:48.1,00:02:02.5,4.08,00:00:00.0,0.00,19.5,346,13.7,0.0,---,---,---,---,---,---,---,---,---,---,52.2203276,0.1579228
1,3496.7,0.0,00:16:50.7,00:02:03.2,4.06,00:00:00.0,0.00,20.0,347,10.2,0.0,---,---,---,---,---,---,---,---,---,---,52.2203091,0.1577760
1,3511.2,0.0,00:16:54.3,00:02:04.4,4.02,00:00:00.0,0.00,20.0,348,14.5,0.0,---,---,---,---,---,---,---,---,---,---,52.2202830,0.1575681
1,3520.3,0.0,00:16:56.8,00:02:05.3,3.99,00:00:00.0,0.00,20.0,349,9.2,0.0,---,---,---,---,---,---,---,---,---,---,52.2202696,0.1574355
1,3532.3,0.0,00:16:59.7,00:02:05.6,3.98,00:00:00.0,0.00,19.5,350,11.9,0.0,---,---,---,---,---,---,---,---,---,---,52.2202598,0.1572615
1,3545.1,0.0,00:17:03.0,00:02:05.0,4.00,00:00:00.0,0.00,20.5,351,12.9,0.0,---,---,---,---,---,---,---,---,---,---,52.2202446,0.1570747
1,3556.5,0.0,00:17:05.9,00:02:05.3,3.99,00:00:00.0,0.00,20.0,352,11.3,0.0,---,---,---,---,---,---,---,---,---,---,52.2202333,0.1569093
1,3565.8,0.0,00:17:09.4,00:02:14.4,3.72,00:00:00.0,0.00,20.0,353,9.3,0.0,---,---,---,---,---,---,---,---,---,---,52.2202225,0.1567744
1,3572.3,0.0,00:17:11.7,00:02:55.4,2.85,00:00:00.0,0.00,20.5,354,6.5,0.0,---,---,---,---,---,---,---,---,---,---,52.2202108,0.1566811
1,3580.2,0.0,00:17:14.7,00:03:31.9,2.36,00:00:00.0,0.00,20.0,355,7.9,0.0,---,---,---,---,---,---,---,---,---,---,52.2202106,0.1565647
1,3593.3,0.0,00:17:17.7,00:03:16.1,2.55,00:00:00.0,0.00,20.5,356,13.1,0.0,---,---,---,---,---,---,---,---,---,---,52.2201908,0.1563754
1,3609.8,0.0,00:17:21.3,00:02:32.0,3.29,00:00:00.0,0.00,20.0,357,16.5,0.0,---,---,---,---,---,---,---,---,---,---,52.2201596,0.1561390
1,3620.7,0.0,00:17:23.7,00:02:06.3,3.96,00:00:00.0,0.00,20.0,358,10.9,0.0,---,---,---,---,---,---,---,---,---,---,52.2201330,0.1559856
1,3633.4,0.0,00:17:26.7,00:02:05.6,3.98,00:00:00.0,0.00,20.5,359,12.7,0.0,---,---,---,---,---,---,---,---,---,---,52.2200999,0.1558071
1,3646.3,0.0,00:17:29.8,00:02:05.0,4.00,00:00:00.0,0.00,20.0,360,12.9,0.0,---,---,---,---,---,---,---,---,---,---,52.2200586,0.1556306
1,3659.1,0.0,00:17:32.7,00:02:05.0,4.00,00:00:00.0,0.00,20.5,361,12.8,0.0,---,---,---,---,---,---,---,---,---,---,52.2200099,0.1554605
1,3672.5,0.0,00:17:36.0,00:02:04.7,4.01,00:00:00.0,0.00,20.0,362,13.4,0.0,---,---,---,---,---,---,---,---,---,---,52.2199507,0.1552897
1,3684.0,0.0,00:17:38.8,00:02:04.1,4.03,00:00:00.0,0.00,20.5,363,11.5,0.0,---,---,---,---,---,---,---,---,---,---,52.2198934,0.1551500
1,3698.0,0.0,00:17:42.2,00:02:04.1,4.03,00:00:00.0,0.00,19.5,364,14.1,0.0,---,---,---,---,---,---,---,---,---,---,52.2198244,0.1549772
1,3708.5,0.0,00:17:44.7,00:02:02.8,4.07,00:00:00.0,0.00,20.0,365,10.5,0.0,---,---,---,---,---,---,---,---,---,---,52.2197744,0.1548472
1,3720.6,0.0,00:17:47.7,00:02:02.0,4.10,00:00:00.0,0.00,20.0,366,12.1,0.0,---,---,---,---,---,---,---,---,---,---,52.2197182,0.1546955
1,3735.2,0.0,00:17:51.3,00:02:02.8,4.07,00:00:00.0,0.00,20.0,367,14.6,0.0,---,---,---,---,---,---,---,---,---,---,52.2196521,0.1545101
1,3744.9,0.0,00:17:53.8,00:02:03.2,4.06,00:00:00.0,0.00,20.5,368,9.7,0.0,---,---,---,---,---,---,---,---,---,---,52.2196067,0.1543884
1,3757.2,0.0,00:17:56.8,00:02:02.5,4.08,00:00:00.0,0.00,20.5,369,12.3,0.0,---,---,---,---,---,---,---,---,---,---,52.2195498,0.1542337
1,3769.4,0.0,00:17:59.8,00:02:02.5,4.08,00:00:00.0,0.00,20.0,370,12.1,0.0,---,---,---,---,---,---,---,---,---,---,52.2194944,0.1540803
1,3781.8,0.0,00:18:02.7,00:02:02.0,4.10,00:00:00.0,0.00,20.0,371,12.4,0.0,---,---,---,---,---,---,---,---,---,---,52.2194399,0.1539218
1,3795.8,0.0,00:18:06.2,00:02:02.0,4.10,00:00:00.0,0.00,20.0,372,14.0,0.0,---,---,---,---,---,---,---,---,---,---,52.2193778,0.1537434
1,3808.7,0.0,00:18:09.3,00:02:02.5,4.08,00:00:00.0,0.00,20.0,373,13.0,0.0,---,---,---,---,---,---,---,---,---,---,52.2193212,0.1535773
1,3820.1,0.0,00:18:12.1,00:02:02.5,4.08,00:00:00.0,0.00,20.0,374,11.3,0.0,---,---,---,---,---,---,---,---,---,---,52.2192705,0.1534329
1,3830.6,0.0,00:18:14.8,00:02:01.7,4.11,00:00:00.0,0.00,20.5,375,10.5,0.0,---,---,---,---,---,---,---,---,---,---,52.2192238,0.1532995
1,3842.6,0.0,00:18:17.8,00:02:02.2,4.09,00:00:00.0,0.00,20.5,376,12.1,0.0,---,---,---,---,---,---,---,---,---,---,52.2191717,0.1531441
1,3854.9,0.0,00:18:20.8,00:02:02.0,4.10,00:00:00.0,0.00,19.5,377,12.2,0.0,---,---,---,---,---,---,---,---,---,---,52.2191193,0.1529865
1,3868.7,0.0,00:18:24.2,00:02:02.0,4.10,00:00:00.0,0.00,20.0,378,13.8,0.0,---,---,---,---,---,---,---,---,---,---,52.2190644,0.1528040
1,3879.0,0.0,00:18:26.8,00:02:02.8,4.07,00:00:00.0,0.00,20.5,379,10.3,0.0,---,---,---,---,---,---,---,---,---,---,52.2190259,0.1526669
1,3890.9,0.0,00:18:29.8,00:02:04.1,4.03,00:00:00.0,0.00,20.0,380,11.9,0.0,---,---,---,---,---,---,---,---,---,---,52.2189842,0.1525064
1,3903.0,0.0,00:18:32.8,00:02:04.4,4.02,00:00:00.0,0.00,20.0,381,12.1,0.0,---,---,---,---,---,---,---,---,---,---,52.2189427,0.1523432
1,3915.3,0.0,00:18:35.7,00:02:02.5,4.08,00:00:00.0,0.00,20.0,382,12.3,0.0,---,---,---,---,---,---,---,---,---,---,52.2189018,0.1521751
1,3927.2,0.0,00:18:38.7,00:02:03.5,4.05,00:00:00.0,0.00,20.0,383,12.0,0.0,---,---,---,---,---,---,---,---,---,---,52.2188640,0.1520110
1,3941.1,0.0,00:18:42.2,00:02:04.7,4.01,00:00:00.0,0.00,20.5,384,13.9,0.0,---,---,---,---,---,---,---,---,---,---,52.2188256,0.1518172
1,3951.6,0.0,00:18:44.8,00:02:04.1,4.03,00:00:00.0,0.00,20.0,385,10.4,0.0,---,---,---,---,---,---,---,---,---,---,52.2187985,0.1516708
1,3965.9,0.0,00:18:48.4,00:02:03.8,4.04,00:00:00.0,0.00,20.0,386,14.3,0.0,---,---,---,---,---,---,---,---,---,---,52.2187603,0.1514702
1,3978.5,0.0,00:18:51.8,00:02:05.6,3.98,00:00:00.0,0.00,20.0,387,12.6,0.0,---,---,---,---,---,---,---,---,---,---,52.2187237,0.1512957
1,3989.5,0.0,00:18:54.4,00:02:06.6,3.95,00:00:00.0,0.00,19.5,388,11.0,0.0,---,---,---,---,---,---,---,---,---,---,52.2186917,0.1511426
1,3998.8,0.0,00:18:56.8,00:02:06.6,3.95,00:00:00.0,0.00,20.5,389,9.3,0.0,---,---,---,---,---,---,---,---,---,---,52.2186664,0.1510124
1,4010.6,0.0,00:18:59.8,00:02:06.6,3.95,00:00:00.0,0.00,19.5,390,11.8,0.0,---,---,---,---,---,---,---,---,---,---,52.2186370,0.1508469
1,4025.2,0.0,00:19:03.4,00:02:05.3,3.99,00:00:00.0,0.00,20.5,391,14.5,0.0,---,---,---,---,---,---,---,---,---,---,52.2185976,0.1506430
1,4037.1,0.0,00:19:06.4,00:02:04.1,4.03,00:00:00.0,0.00,20.0,392,12.0,0.0,---,---,---,---,---,---,---,---,---,---,52.2185612,0.1504776
1,4049.1,0.0,00:19:09.4,00:02:03.8,4.04,00:00:00.0,0.00,19.5,393,11.9,0.0,---,---,---,---,---,---,---,---,---,---,52.2185219,0.1503151
1,4059.4,0.0,00:19:12.0,00:02:04.1,4.03,00:00:00.0,0.00,20.5,394,10.3,0.0,---,---,---,---,---,---,---,---,---,---,52.2184868,0.1501754
1,4071.1,0.0,00:19:15.0,00:02:05.3,3.99,00:00:00.0,0.00,20.0,395,11.8,0.0,---,---,---,---,---,---,---,---,---,---,52.2184446,0.1500172
1,4083.0,0.0,00:19:18.0,00:02:06.3,3.96,00:00:00.0,0.00,20.0,396,11.9,0.0,---,---,---,---,---,---,---,---,---,---,52.2184010,0.1498576
1,4094.9,0.0,00:19:21.0,00:02:05.6,3.98,00:00:00.0,0.00,20.0,397,11.9,0.0,---,---,---,---,---,---,---,---,---,---,52.2183570,0.1496985
1,4108.2,0.0,00:19:24.4,00:02:05.3,3.99,00:00:00.0,0.00,20.0,398,13.3,0.0,---,---,---,---,---,---,---,---,---,---,52.2183095,0.1495198
1,4120.6,0.0,00:19:27.4,00:02:06.9,3.94,00:00:00.0,0.00,20.0,399,12.4,0.0,---,---,---,---,---,---,---,---,---,---,52.2182638,0.1493544
1,4131.0,0.0,00:19:30.0,00:02:06.3,3.96,00:00:00.0,0.00,20.0,400,10.4,0.0,---,---,---,---,---,---,---,---,---,---,52.2182254,0.1492160
1,4143.1,0.0,00:19:33.0,00:02:03.8,4.04,00:00:00.0,0.00,20.5,401,12.1,0.0,---,---,---,---,---,---,---,---,---,---,52.2181811,0.1490534
1,4155.3,0.0,00:19:35.9,00:02:03.2,4.06,00:00:00.0,0.00,20.0,402,12.2,0.0,---,---,---,---,---,---,---,---,---,---,52.2181377,0.1488886
1,4169.8,0.0,00:19:39.8,00:02:04.4,4.02,00:00:00.0,0.00,20.0,403,14.4,0.0,---,---,---,---,---,---,---,---,---,---,52.2180888,0.1486927
1,4181.0,0.0,00:19:42.4,00:02:05.3,3.99,00:00:00.0,0.00,20.0,404,11.2,0.0,---,---,---,---,---,---,---,---,---,---,52.2180538,0.1485381
1,4192.2,0.0,00:19:45.2,00:02:04.7,4.01,00:00:00.0,0.00,20.0,405,11.3,0.0,---,---,---,---,---,---,---,---,---,---,52.2180205,0.1483828
1,4206.1,0.0,00:19:48.8,00:02:04.4,4.02,00:00:00.0,0.00,19.5,406,13.8,0.0,---,---,---,---,---,---,---,---,---,---,52.2179821,0.1481900
1,4216.5,0.0,00:19:51.2,00:02:04.1,4.03,00:00:00.0,0.00,20.0,407,10.4,0.0,---,---,---,---,---,---,---,---,---,---,52.2179530,0.1480445
1,4228.2,0.0,00:19:54.2,00:02:06.9,3.94,00:00:00.0,0.00,20.0,408,11.7,0.0,---,---,---,---,---,---,---,---,---,---,52.2179248,0.1478788
1,4240.5,0.0,00:19:57.2,00:02:07.2,3.93,00:00:00.0,0.00,19.5,409,12.3,0.0,---,---,---,---,---,---,---,---,---,---,52.2178944,0.1477052
1,4252.4,0.0,00:20:00.2,00:02:05.6,3.98,00:00:00.0,0.00,20.5,410,11.8,0.0,---,---,---,---,---,---,---,---,---,---,52.2178674,0.1475367
1,4265.3,0.0,00:20:03.4,00:02:06.6,3.95,00:00:00.0,0.00,20.0,411,12.9,0.0,---,---,---,---,---,---,---,---,---,---,52.2178374,0.1473543
1,4276.4,0.0,00:20:06.2,00:02:06.6,3.95,00:00:00.0,0.00,19.5,412,11.1,0.0,---,---,---,---,---,---,---,---,---,---,52.2178112,0.1471967
1,4289.2,0.0,00:20:09.4,00:02:06.6,3.95,00:00:00.0,0.00,20.0,413,12.8,0.0,---,---,---,---,---,---,---,---,---,---,52.2177806,0.1470161
1,4302.7,0.0,00:20:12.9,00:02:05.9,3.97,00:00:00.0,0.00,19.5,414,13.5,0.0,---,---,---,---,---,---,---,---,---,---,52.2177458,0.1468268
1,4314.2,0.0,00:20:15.8,00:02:04.1,4.03,00:00:00.0,0.00,20.0,415,11.5,0.0,---,---,---,---,---,---,---,---,---,---,52.2177149,0.1466663
1,4325.7,0.0,00:20:18.8,00:02:05.0,4.00,00:00:00.0,0.00,19.5,416,11.5,0.0,---,---,---,---,---,---,---,---,---,---,52.2176754,0.1465106
1,4337.3,0.0,00:20:21.8,00:02:08.2,3.90,00:00:00.0,0.00,20.0,417,11.6,0.0,---,---,---,---,---,---,---,---,---,---,52.2176273,0.1463594
1,4348.8,0.0,00:20:24.8,00:02:09.5,3.86,00:00:00.0,0.00,20.0,418,11.5,0.0,---,---,---,---,---,---,---,---,---,---,52.2175696,0.1462190
1,4360.2,0.0,00:20:27.8,00:02:09.2,3.87,00:00:00.0,0.00,20.0,419,11.4,0.0,---,---,---,---,---,---,---,---,---,---,52.2175033,0.1460916
1,4371.2,0.0,00:20:30.8,00:02:11.2,3.81,00:00:00.0,0.00,19.5,420,11.0,0.0,---,---,---,---,---,---,---,---,---,---,52.2174361,0.1459742
1,4384.3,0.0,00:20:34.0,00:02:13.3,3.75,00:00:00.0,0.00,20.5,421,13.1,0.0,---,---,---,---,---,---,---,---,---,---,52.2173451,0.1458511
1,4394.1,0.0,00:20:36.8,00:02:11.9,3.79,00:00:00.0,0.00,20.0,422,9.8,0.0,---,---,---,---,---,---,---,---,---,---,52.2172729,0.1457691
1,4408.2,0.0,00:20:40.2,00:02:11.6,3.80,00:00:00.0,0.00,20.0,423,14.1,0.0,---,---,---,---,---,---,---,---,---,---,52.2171616,0.1456724
1,4419.0,0.0,00:20:43.0,00:02:10.9,3.82,00:00:00.0,0.00,20.5,424,10.8,0.0,---,---,---,---,---,---,---,---,---,---,52.2170704,0.1456188
1,4428.5,0.0,00:20:45.8,00:02:11.2,3.81,00:00:00.0,0.00,20.0,425,9.5,0.0,---,---,---,---,---,---,---,---,---,---,52.2169883,0.1455788
1,4440.6,0.0,00:20:48.8,00:02:13.7,3.74,00:00:00.0,0.00,20.5,426,12.1,0.0,---,---,---,---,---,---,---,---,---,---,52.2168851,0.1455254
1,4452.4,0.0,00:20:51.8,00:02:10.9,3.82,00:00:00.0,0.00,20.0,427,11.9,0.0,---,---,---,---,---,---,---,---,---,---,52.2167818,0.1454835
1,4464.8,0.0,00:20:54.8,00:02:08.2,3.90,00:00:00.0,0.00,20.5,428,12.4,0.0,---,---,---,---,---,---,---,---,---,---,52.2166723,0.1454492
1,4476.9,0.0,00:20:57.9,00:02:09.2,3.87,00:00:00.0,0.00,20.0,429,12.1,0.0,---,---,---,---,---,---,---,---,---,---,52.2165638,0.1454355
1,4487.7,0.0,00:21:00.8,00:02:13.0,3.76,00:00:00.0,0.00,20.5,430,10.7,0.0,---,---,---,---,---,---,---,---,---,---,52.2164676,0.1454336
1,4500.0,0.0,00:21:03.8,00:02:13.0,3.76,00:00:00.0,0.00,20.0,431,12.3,0.0,---,---,---,---,---,---,---,---,---,---,52.2163568,0.1454238
1,4511.7,0.0,00:21:06.8,00:02:10.2,3.84,00:00:00.0,0.00,20.0,432,11.7,0.0,---,---,---,---,---,---,---,---,---,---,52.2162521,0.1454149
1,4523.9,0.0,00:21:09.8,00:02:10.5,3.83,00:00:00.0,0.00,20.0,433,12.2,0.0,---,---,---,---,---,---,---,---,---,---,52.2161428,0.1453956
1,4536.5,0.0,00:21:12.8,00:02:08.9,3.88,00:00:00.0,0.00,20.5,434,12.6,0.0,---,---,---,---,---,---,---,---,---,---,52.2160300,0.1453768
1,4548.8,0.0,00:21:15.8,00:02:06.9,3.94,00:00:00.0,0.00,20.0,435,12.2,0.0,---,---,---,---,---,---,---,---,---,---,52.2159210,0.1453543
1,4561.2,0.0,00:21:18.8,00:02:05.3,3.99,00:00:00.0,0.00,20.0,436,12.4,0.0,---,---,---,---,---,---,---,---,---,---,52.2158118,0.1453176
1,4572.9,0.0,00:21:21.8,00:02:07.9,3.91,00:00:00.0,0.00,20.5,437,11.7,0.0,---,---,---,---,---,---,---,---,---,---,52.2157095,0.1452773
1,4585.4,0.0,00:21:24.8,00:02:09.2,3.87,00:00:00.0,0.00,20.5,438,12.5,0.0,---,---,---,---,---,---,---,---,---,---,52.2156019,0.1452248
1,4596.4,0.0,00:21:27.4,00:02:08.2,3.90,00:00:00.0,0.00,20.0,439,11.0,0.0,---,---,---,---,---,---,---,---,---,---,52.2155086,0.1451716
1,4622.1,0.0,00:21:39.4,00:12:15.3,0.68,00:00:00.0,0.00,12.5,440,25.7,0.0,---,---,---,---,---,---,---,---,---,---,52.2150864,0.1446192
1,4622.2,0.0,00:21:42.5,02:18:53.3,0.06,00:00:00.0,0.00,16.5,441,0.1,0.0,---,---,---,---,---,---,---,---,---,---,52.2150867,0.1446174
1,4623.2,0.0,00:21:56.6,02:18:53.3,0.06,00:00:00.0,0.00,9.5,442,1.0,0.0,---,---,---,---,---,---,---,---,---,---,52.2150881,0.1446148
1,4623.4,0.0,00:21:59.2,01:44:10.0,0.08,00:00:00.0,0.00,21.0,443,0.2,0.0,---,---,---,---,---,---,---,---,---,---,52.2150896,0.1446132
1,4623.5,0.0,00:22:01.6,01:44:10.0,0.08,00:00:00.0,0.00,39.5,444,0.1,0.0,---,---,---,---,---,---,---,---,---,---,52.2150893,0.1446125
1,4623.6,0.0,00:22:07.0,01:32:35.6,0.09,00:00:00.0,0.00,14.0,445,0.1,0.0,---,---,---,---,---,---,---,---,---,---,52.2150907,0.1446125
1,4623.7,0.0,00:22:10.0,01:15:45.5,0.11,00:00:00.0,0.00,12.0,446,0.1,0.0,---,---,---,---,---,---,---,---,---,---,52.2150919,0.1446141
1,4624.2,0.0,00:22:13.4,00:43:51.6,0.19,00:00:00.0,0.00,21.0,447,0.5,0.0,---,---,---,---,---,---,---,---,---,---,52.2150913,0.1446089
1,4624.2,0.0,00:22:19.2,00:37:52.7,0.22,00:00:00.0,0.00,9.0,448,0.0,0.0,---,---,---,---,---,---,---,---,---,---,52.2150892,0.1446104
1,4624.2,0.0,00:22:21.4,00:39:41.0,0.21,00:00:00.0,0.00,34.5,449,0.0,0.0,---,---,---,---,---,---,---,---,---,---,52.2150909,0.1446102
1,4624.6,0.0,00:22:30.4,00:55:33.3,0.15,00:00:00.0,0.00,36.5,450,0.4,0.0,---,---,---,---,---,---,---,---,---,---,52.2150818,0.1446073
1,4625.7,0.0,00:22:32.8,00:36:13.9,0.23,00:00:00.0,0.00,24.5,451,1.1,0.0,---,---,---,---,---,---,---,---,---,---,52.2150909,0.1446020
1,4627.8,0.0,00:22:39.5,00:26:52.9,0.31,00:00:00.0,0.00,9.0,452,2.1,0.0,---,---,---,---,---,---,---,---,---,---,52.2151057,0.1445797
1,4630.7,0.0,00:22:46.2,00:18:31.1,0.45,00:00:00.0,0.00,15.0,453,2.8,0.0,---,---,---,---,---,---,---,---,---,---,52.2151075,0.1445283
1,4631.6,0.0,00:22:49.4,00:16:20.4,0.51,00:00:00.0,0.00,14.5,454,0.9,0.0,---,---,---,---,---,---,---,---,---,---,52.2150962,0.1445074
1,4631.8,0.0,00:22:50.6,00:20:19.5,0.41,00:00:00.0,0.00,21.0,455,0.3,0.0,---,---,---,---,---,---,---,---,---,---,52.2150943,0.1445026
1,4632.8,0.0,00:22:51.8,00:20:50.0,0.40,00:00:00.0,0.00,38.5,456,1.0,0.0,---,---,---,---,---,---,---,---,---,---,52.2150913,0.1444871
1,4633.5,0.0,00:22:56.8,00:16:40.0,0.50,00:00:00.0,0.00,12.5,457,0.6,0.0,---,---,---,---,---,---,---,---,---,---,52.2150613,0.1444829
1,4633.6,0.0,00:22:58.8,00:15:43.4,0.53,00:00:00.0,0.00,45.0,458,0.1,0.0,---,---,---,---,---,---,---,---,---,---,52.2150590,0.1444807
1,4633.6,0.0,00:23:02.6,00:18:56.4,0.44,00:00:00.0,0.00,13.5,459,0.0,0.0,---,---,---,---,---,---,---,---,---,---,52.2150528,0.1444886
1,4633.6,0.0,00:23:04.8,00:23:48.6,0.35,00:00:00.0,0.00,61.5,460,0.0,0.0,---,---,---,---,---,---,---,---,---,---,52.2150540,0.1445023
1,4633.6,0.0,00:23:07.0,00:18:56.4,0.44,00:00:00.0,0.00,19.0,461,0.0,0.0,---,---,---,---,---,---,---,---,---,---,52.2150625,0.1445149
1,4633.6,0.0,00:23:07.4,00:14:37.2,0.57,00:00:00.0,0.00,74.0,462,0.0,0.0,---,---,---,---,---,---,---,---,---,---,52.2150662,0.1445159
1,4633.6,0.0,00:23:08.4,00:13:01.2,0.64,00:00:00.0,0.00,63.5,463,0.0,0.0,---,---,---,---,---,---,---,---,---,---,52.2150689,0.1445113
1,4633.6,0.0,00:23:11.4,00:17:43.8,0.47,00:00:00.0,0.00,20.0,464,0.0,0.0,---,---,---,---,---,---,---,---,---,---,52.2150762,0.1445208
1,4633.6,0.0,00:23:13.8,00:22:31.4,0.37,00:00:00.0,0.00,52.0,465,0.0,0.0,---,---,---,---,---,---,---,---,---,---,52.2150795,0.1445423
1,4633.6,0.0,00:23:15.6,00:20:19.5,0.41,00:00:00.0,0.00,19.0,466,0.0,0.0,---,---,---,---,---,---,---,---,---,---,52.2150776,0.1445563
1,4633.6,0.0,00:23:18.0,00:18:56.4,0.44,00:00:00.0,0.00,45.0,467,0.0,0.0,---,---,---,---,---,---,---,---,---,---,52.2150702,0.1445729
1,4633.6,0.0,00:23:24.4,00:23:48.6,0.35,00:00:00.0,0.00,8.5,468,0.0,0.0,---,---,---,---,---,---,---,---,---,---,52.2150608,0.1445859
1,4633.6,0.0,00:23:31.4,00:46:17.8,0.18,00:00:00.0,0.00,8.5,469,0.0,0.0,---,---,---,---,---,---,---,---,---,---,52.2150576,0.1446097
1,4633.6,0.0,00:23:33.0,00:52:05.0,0.16,00:00:00.0,0.00,33.5,470,0.0,0.0,---,---,---,---,---,---,---,---,---,---,52.2150564,0.1446072
1,4633.6,0.0,00:23:34.4,00:37:52.7,0.22,00:00:00.0,0.00,40.0,471,0.0,0.0,---,---,---,---,---,---,---,---,---,---,52.2150592,0.1446162
1,4633.6,0.0,00:23:35.2,00:17:43.8,0.47,00:00:00.0,0.00,69.0,472,0.0,0.0,---,---,---,---,---,---,---,---,---,---,52.2150625,0.1446215
1,4633.7,0.0,00:23:43.9,00:10:57.9,0.76,00:00:00.0,0.00,81.5,473,0.1,0.0,---,---,---,---,---,---,---,---,---,---,52.2150775,0.1446627
1,4634.3,0.0,00:23:45.0,00:59:31.4,0.14,00:00:00.0,0.00,74.5,474,0.5,0.0,---,---,---,---,---,---,---,---,---,---,52.2150749,0.1446692
1,4634.5,0.0,00:23:46.0,00:59:31.4,0.14,00:00:00.0,0.00,64.5,475,0.2,0.0,---,---,---,---,---,---,---,---,---,---,52.2150730,0.1446704
1,4634.5,0.0,00:23:46.7,00:49:01.2,0.17,00:00:00.0,0.00,84.0,476,0.0,0.0,---,---,---,---,---,---,---,---,---,---,52.2150743,0.1446695
1,4634.5,0.0,00:23:49.0,00:39:41.0,0.21,00:00:00.0,0.00,36.5,477,0.0,0.0,---,---,---,---,---,---,---,---,---,---,52.2150793,0.1446618
1,4634.5,0.0,00:23:51.0,00:37:52.7,0.22,00:00:00.0,0.00,34.0,478,0.0,0.0,---,---,---,---,---,---,---,---,---,---,52.2150835,0.1446626
1,4634.5,0.0,00:23:51.8,00:39:41.0,0.21,00:00:00.0,0.00,34.0,479,0.0,0.0,---,---,---,---,---,---,---,---,---,---,52.2150825,0.1446558
1,4637.5,0.0,00:23:57.0,00:27:46.7,0.30,00:00:00.0,0.00,12.5,480,3.0,0.0,---,---,---,---,---,---,---,---,---,---,52.2150996,0.1446215
1,4638.4,0.0,00:23:57.8,00:17:43.8,0.47,00:00:00.0,0.00,50.5,481,0.9,0.0,---,---,---,---,---,---,---,---,---,---,52.2151028,0.1446088
1,4639.1,0.0,00:23:58.7,00:11:24.9,0.73,00:00:00.0,0.00,79.5,482,0.7,0.0,---,---,---,---,---,---,---,---,---,---,52.2151047,0.1445976
1,4643.1,0.0,00:24:01.7,00:07:51.7,1.06,00:00:00.0,0.00,24.5,483,4.0,0.0,---,---,---,---,---,---,---,---,---,---,52.2151163,0.1445408
1,4649.1,0.0,00:24:07.7,00:07:26.4,1.12,00:00:00.0,0.00,9.5,484,6.0,0.0,---,---,---,---,---,---,---,---,---,---,52.2151257,0.1444526
1,4653.0,0.0,00:24:11.8,00:09:48.2,0.85,00:00:00.0,0.00,13.5,485,3.8,0.0,---,---,---,---,---,---,---,---,---,---,52.2151333,0.1443976
1,4653.6,0.0,00:24:12.5,00:12:37.6,0.66,00:00:00.0,0.00,110.5,486,0.6,0.0,---,---,---,---,---,---,---,---,---,---,52.2151359,0.1443889
1,4654.4,0.0,00:24:13.1,00:11:15.7,0.74,00:00:00.0,0.00,89.0,487,0.8,0.0,---,---,---,---,---,---,---,---,---,---,52.2151399,0.1443787
1,4656.1,0.0,00:24:14.2,00:09:55.2,0.84,00:00:00.0,0.00,113.0,488,1.6,0.0,---,---,---,---,---,---,---,---,---,---,52.2151503,0.1443615
1,4656.6,0.0,00:24:14.6,00:09:21.8,0.89,00:00:00.0,0.00,54.5,489,0.5,0.0,---,---,---,---,---,---,---,---,---,---,52.2151549,0.1443580
1,4657.2,0.0,00:24:15.2,00:09:28.2,0.88,00:00:00.0,0.00,101.5,490,0.7,0.0,---,---,---,---,---,---,---,---,---,---,52.2151582,0.1443498
1,4658.8,0.0,00:24:16.8,00:11:06.7,0.75,00:00:00.0,0.00,61.5,491,1.5,0.0,---,---,---,---,---,---,---,---,---,---,52.2151668,0.1443326
1,4659.4,0.0,00:24:17.2,00:12:37.6,0.66,00:00:00.0,0.00,103.0,492,0.7,0.0,---,---,---,---,---,---,---,---,---,---,52.2151730,0.1443286
1,4661.1,0.0,00:24:18.6,00:13:39.7,0.61,00:00:00.0,0.00,63.0,493,1.7,0.0,---,---,---,---,---,---,---,---,---,---,52.2151858,0.1443141
1,4661.5,0.0,00:24:19.1,00:11:54.3,0.70,00:00:00.0,0.00,113.0,494,0.4,0.0,---,---,---,---,---,---,---,---,---,---,52.2151885,0.1443109
1,4662.3,0.0,00:24:19.7,00:11:15.7,0.74,00:00:00.0,0.00,97.5,495,0.8,0.0,---,---,---,---,---,---,---,---,---,---,52.2151950,0.1443065
1,4663.5,0.0,00:24:20.2,00:10:02.4,0.83,00:00:00.0,0.00,113.5,496,1.3,0.0,---,---,---,---,---,---,---,---,---,---,52.2152028,0.1442927
1,4664.5,0.0,00:24:20.8,00:08:40.8,0.96,00:00:00.0,0.00,109.0,497,0.9,0.0,---,---,---,---,---,---,---,---,---,---,52.2152090,0.1442836
1,4670.0,0.0,00:24:25.3,00:08:46.3,0.95,00:00:00.0,0.00,16.0,498,5.6,0.0,---,---,---,---,---,---,---,---,---,---,52.2152359,0.1442146
1,4670.7,0.0,00:24:26.4,00:09:34.7,0.87,00:00:00.0,0.00,33.0,499,0.6,0.0,---,---,---,---,---,---,---,---,---,---,52.2152418,0.1442102
1,4671.0,0.0,00:24:27.2,00:15:09.1,0.55,00:00:00.0,0.00,66.5,500,0.3,0.0,---,---,---,---,---,---,---,---,---,---,52.2152472,0.1442108
1,4671.4,0.0,00:24:28.0,00:22:31.4,0.37,00:00:00.0,0.00,75.5,501,0.5,0.0,---,---,---,---,---,---,---,---,---,---,52.2152514,0.1442081
1,4672.5,0.0,00:24:30.4,00:24:30.6,0.34,00:00:00.0,0.00,28.0,502,1.1,0.0,---,---,---,---,---,---,---,---,---,---,52.2152622,0.1442052
1,4672.5,0.0,00:24:30.6,00:32:03.1,0.26,00:00:00.0,0.00,99.5,503,0.0,0.0,---,---,---,---,---,---,---,---,---,---,52.2152626,0.1442052
1,4672.9,0.0,00:24:31.7,00:41:40.0,0.20,00:00:00.0,0.00,84.0,504,0.4,0.0,---,---,---,---,---,---,---,---,---,---,52.2152678,0.1442045
1,4673.4,0.0,00:24:32.7,00:34:43.3,0.24,00:00:00.0,0.00,63.0,505,0.4,0.0,---,---,---,---,---,---,---,---,---,---,52.2152720,0.1442030
1,4673.4,0.0,00:24:35.4,00:34:43.3,0.24,00:00:00.0,0.00,20.5,506,0.0,0.0,---,---,---,---,---,---,---,---,---,---,52.2152697,0.1442017
1,4674.6,0.0,00:24:48.1,00:46:17.8,0.18,00:00:00.0,0.00,12.0,507,1.3,0.0,---,---,---,---,---,---,---,---,---,---,52.2152385,0.1442012
1,4676.3,0.0,00:24:52.1,00:23:08.9,0.36,00:00:00.0,0.00,14.5,508,1.6,0.0,---,---,---,---,---,---,---,---,---,---,52.2152424,0.1441781
1,4676.6,0.0,00:24:53.0,00:14:52.9,0.56,00:00:00.0,0.00,111.0,509,0.4,0.0,---,---,---,---,---,---,---,---,---,---,52.2152442,0.1441735
1,4677.2,0.0,00:24:54.1,00:13:39.7,0.61,00:00:00.0,0.00,48.5,510,0.6,0.0,---,---,---,---,---,---,---,---,---,---,52.2152510,0.1441694
1,4677.3,0.0,00:24:55.3,00:16:01.5,0.52,00:00:00.0,0.00,43.5,511,0.1,0.0,---,---,---,---,---,---,---,---,---,---,52.2152541,0.1441732
1,4677.3,0.0,00:24:56.9,00:16:40.0,0.50,00:00:00.0,0.00,37.0,512,0.0,0.0,---,---,---,---,---,---,---,---,---,---,52.2152576,0.1441797
1,4677.3,0.0,00:24:57.9,00:16:20.4,0.51,00:00:00.0,0.00,69.0,513,0.0,0.0,---,---,---,---,---,---,---,---,---,---,52.2152558,0.1441934
1,4677.3,0.0,00:24:58.5,00:13:13.7,0.63,00:00:00.0,0.00,78.0,514,0.0,0.0,---,---,---,---,---,---,---,---,---,---,52.2152580,0.1441950
1,4677.3,0.0,00:24:59.1,00:13:53.3,0.60,00:00:00.0,0.00,101.5,515,0.0,0.0,---,---,---,---,---,---,---,---,---,---,52.2152591,0.1441973
1,4677.3,0.0,00:24:59.7,00:20:19.5,0.41,00:00:00.0,0.00,109.0,516,0.0,0.0,---,---,---,---,---,---,---,---,---,---,52.2152603,0.1442014
1,4677.3,0.0,00:25:00.5,00:26:52.9,0.31,00:00:00.0,0.00,74.5,517,0.0,0.0,---,---,---,---,---,---,---,---,---,---,52.2152578,0.1442025
1,4677.3,0.0,00:25:01.1,00:29:45.7,0.28,00:00:00.0,0.00,80.5,518,0.0,0.0,---,---,---,---,---,---,---,---,---,---,52.2152575,0.1441998
1,4677.3,0.0,00:25:02.1,00:24:30.6,0.34,00:00:00.0,0.00,66.5,519,0.0,0.0,---,---,---,---,---,---,---,---,---,---,52.2152550,0.1442034
1,4677.4,0.0,00:25:12.2,01:15:45.5,0.11,00:00:00.0,0.00,26.0,520,0.1,0.0,---,---,---,---,---,---,---,---,---,---,52.2152787,0.1441859
1,4677.6,0.0,00:25:13.6,01:09:26.7,0.12,00:00:00.0,0.00,46.0,521,0.2,0.0,---,---,---,---,---,---,---,---,---,---,52.2152773,0.1441865
1,4678.6,0.0,00:25:15.8,01:04:06.2,0.13,00:00:00.0,0.00,33.5,522,1.0,0.0,---,---,---,---,---,---,---,---,---,---,52.2152699,0.1441760
1,4679.5,0.0,00:25:19.4,01:32:35.6,0.09,00:00:00.0,0.00,15.5,523,0.8,0.0,---,---,---,---,---,---,---,---,---,---,52.2152619,0.1441750
1,4680.1,0.0,00:25:25.6,00:41:40.0,0.20,00:00:00.0,0.00,9.5,524,0.7,0.0,---,---,---,---,---,---,---,---,---,---,52.2152580,0.1441868
1,4680.5,0.0,00:25:28.0,00:21:22.1,0.39,00:00:00.0,0.00,32.0,525,0.4,0.0,---,---,---,---,---,---,---,---,---,---,52.2152513,0.1441887
1,4680.7,0.0,00:25:31.6,00:23:48.6,0.35,00:00:00.0,0.00,15.0,526,0.2,0.0,---,---,---,---,---,---,---,---,---,---,52.2152547,0.1441885
1,4680.7,0.0,00:25:38.0,00:55:33.3,0.15,00:00:00.0,0.00,25.5,527,0.0,0.0,---,---,---,---,---,---,---,---,---,---,52.2152526,0.1441966
1,4680.7,0.0,00:25:39.4,01:23:20.0,0.10,00:00:00.0,0.00,10.0,528,0.0,0.0,---,---,---,---,---,---,---,---,---,---,52.2152542,0.1441999
1,4680.7,0.0,00:25:43.6,00:36:13.9,0.23,00:00:00.0,0.00,15.0,529,0.0,0.0,---,---,---,---,---,---,---,---,---,---,52.2152580,0.1442052
1,4680.7,0.0,00:25:45.2,00:24:30.6,0.34,00:00:00.0,0.00,34.0,530,0.0,0.0,---,---,---,---,---,---,---,---,---,---,52.2152561,0.1442147
1,4680.9,0.0,00:25:46.2,00:22:31.4,0.37,00:00:00.0,0.00,50.5,531,0.3,0.0,---,---,---,---,---,---,---,---,---,---,52.2152537,0.1442167
1,4681.6,0.0,00:25:47.9,00:23:08.9,0.36,00:00:00.0,0.00,39.5,532,0.6,0.0,---,---,---,---,---,---,---,---,---,---,52.2152486,0.1442213
1,4683.2,0.0,00:25:51.8,00:28:44.1,0.29,00:00:00.0,0.00,22.5,533,1.6,0.0,---,---,---,---,---,---,---,---,---,---,52.2152376,0.1442373
1,4683.2,0.0,00:25:52.8,00:32:03.1,0.26,00:00:00.0,0.00,26.5,534,0.0,0.0,---,---,---,---,---,---,---,---,---,---,52.2152371,0.1442359
1,4683.7,0.0,00:25:55.2,00:26:52.9,0.31,00:00:00.0,0.00,25.5,535,0.4,0.0,---,---,---,---,---,---,---,---,---,---,52.2152341,0.1442409
1,4684.6,0.0,00:25:59.5,00:27:46.7,0.30,00:00:00.0,0.00,14.5,536,1.0,0.0,---,---,---,---,---,---,---,---,---,---,52.2152276,0.1442501
1,4685.2,0.0,00:26:00.8,00:20:50.0,0.40,00:00:00.0,0.00,39.0,537,0.5,0.0,---,---,---,---,---,---,---,---,---,---,52.2152228,0.1442509
1,4685.3,0.0,00:26:02.5,00:20:19.5,0.41,00:00:00.0,0.00,31.5,538,0.1,0.0,---,---,---,---,---,---,---,---,---,---,52.2152230,0.1442529
1,4685.3,0.0,00:26:04.8,00:21:55.8,0.38,00:00:00.0,0.00,43.5,539,0.0,0.0,---,---,---,---,---,---,---,---,---,---,52.2152291,0.1442477
1,4685.3,0.0,00:26:06.8,00:16:40.0,0.50,00:00:00.0,0.00,21.0,540,0.0,0.0,---,---,---,---,---,---,---,---,---,---,52.2152390,0.1442409
1,4685.3,0.0,00:26:07.6,00:12:49.2,0.65,00:00:00.0,0.00,101.5,541,0.0,0.0,---,---,---,---,---,---,---,---,---,---,52.2152439,0.1442388
1,4685.3,0.0,00:26:08.5,00:11:34.4,0.72,00:00:00.0,0.00,81.5,542,0.0,0.0,---,---,---,---,---,---,---,---,---,---,52.2152449,0.1442338
1,4685.3,0.0,00:26:09.0,00:13:13.7,0.63,00:00:00.0,0.00,82.5,543,0.0,0.0,---,---,---,---,---,---,---,---,---,---,52.2152473,0.1442313
1,4685.3,0.0,00:26:09.4,00:13:39.7,0.61,00:00:00.0,0.00,111.0,544,0.0,0.0,---,---,---,---,---,---,---,---,---,---,52.2152486,0.1442289
1,4685.3,0.0,00:26:10.8,00:15:09.1,0.55,00:00:00.0,0.00,49.5,545,0.0,0.0,---,---,---,---,---,---,---,---,---,---,52.2152524,0.1442252
1,4685.3,0.0,00:26:13.2,00:16:20.4,0.51,00:00:00.0,0.00,26.0,546,0.0,0.0,---,---,---,---,---,---,---,---,---,---,52.2152567,0.1442093
1,4685.3,0.0,00:26:13.8,00:17:00.4,0.49,00:00:00.0,0.00,71.5,547,0.0,0.0,---,---,---,---,---,---,---,---,---,---,52.2152591,0.1442036
1,4685.3,0.0,00:26:15.4,00:17:00.4,0.49,00:00:00.0,0.00,39.5,548,0.0,0.0,---,---,---,---,---,---,---,---,---,---,52.2152643,0.1441925
1,4685.3,0.0,00:26:16.0,00:16:20.4,0.51,00:00:00.0,0.00,78.0,549,0.0,0.0,---,---,---,---,---,---,---,---,---,---,52.2152638,0.1441860
1,4685.3,0.0,00:26:18.4,00:26:02.5,0.32,00:00:00.0,0.00,41.5,550,0.0,0.0,---,---,---,---,---,---,---,---,---,---,52.2152644,0.1441792
1,4685.3,0.0,00:26:21.0,00:39:41.0,0.21,00:00:00.0,0.00,23.0,551,0.0,0.0,---,---,---,---,---,---,---,---,---,---,52.2152610,0.1441791
1,4685.3,0.0,00:26:24.2,00:30:51.9,0.27,00:00:00.0,0.00,22.0,552,0.0,0.0,---,---,---,---,---,---,---,---,---,---,52.2152629,0.1441723
1,4685.3,0.0,00:26:28.6,00:24:30.6,0.34,00:00:00.0,0.00,15.0,553,0.0,0.0,---,---,---,---,---,---,---,---,---,---,52.2152586,0.1441807
1,4685.3,0.0,00:26:30.2,00:23:48.6,0.35,00:00:00.0,0.00,28.0,554,0.0,0.0,---,---,---,---,---,---,---,---,---,---,52.2152546,0.1441855
1,4685.3,0.0,00:26:32.5,00:21:55.8,0.38,00:00:00.0,0.00,38.5,555,0.0,0.0,---,---,---,---,---,---,---,---,---,---,52.2152509,0.1441961
1,4685.3,0.0,00:26:37.4,00:22:31.4,0.37,00:00:00.0,0.00,10.5,556,0.0,0.0,---,---,---,---,---,---,---,---,---,---,52.2152586,0.1441825
1,4685.3,0.0,00:26:39.8,00:32:03.1,0.26,00:00:00.0,0.00,22.0,557,0.0,0.0,---,---,---,---,---,---,---,---,---,---,52.2152570,0.1441794
1,4685.3,0.0,00:26:44.5,01:04:06.2,0.13,00:00:00.0,0.00,20.5,558,0.0,0.0,---,---,---,---,---,---,---,---,---,---,52.2152570,0.1441863
1,4685.3,0.0,00:26:45.6,01:59:02.9,0.07,00:00:00.0,0.00,20.0,559,0.0,0.0,---,---,---,---,---,---,---,---,---,---,52.2152552,0.1441850
1,4685.3,0.0,00:26:46.4,00:55:33.3,0.15,00:00:00.0,0.00,68.5,560,0.0,0.0,---,---,---,---,---,---,---,---,---,---,52.2152576,0.1441831
1,4685.3,0.0,00:26:48.2,00:28:44.1,0.29,00:00:00.0,0.00,46.0,561,0.0,0.0,---,---,---,---,---,---,---,---,---,---,52.2152654,0.1441802
1,4685.3,0.0,00:26:49.0,00:17:43.8,0.47,00:00:00.0,0.00,54.5,562,0.0,0.0,---,---,---,---,---,---,---,---,---,---,52.2152668,0.1441761
1,4685.3,0.0,00:26:50.5,00:15:25.9,0.54,00:00:00.0,0.00,106.5,563,0.0,0.0,---,---,---,---,---,---,---,---,---,---,52.2152666,0.1441656
1,4685.3,0.0,00:26:51.4,00:18:31.1,0.45,00:00:00.0,0.00,43.0,564,0.0,0.0,---,---,---,---,---,---,---,---,---,---,52.2152662,0.1441622
1,4685.3,0.0,00:26:53.6,00:26:52.9,0.31,00:00:00.0,0.00,32.0,565,0.0,0.0,---,---,---,---,---,---,---,---,---,---,52.2152687,0.1441566
1,4685.3,0.0,00:26:54.2,00:19:50.5,0.42,00:00:00.0,0.00,66.5,566,0.0,0.0,---,---,---,---,---,---,---,---,---,---,52.2152711,0.1441511
1,4685.3,0.0,00:26:55.4,00:14:07.5,0.59,00:00:00.0,0.00,49.5,567,0.0,0.0,---,---,---,---,---,---,---,---,---,---,52.2152761,0.1441452
1,4685.3,0.0,00:26:56.5,00:17:43.8,0.47,00:00:00.0,0.00,73.5,568,0.0,0.0,---,---,---,---,---,---,---,---,---,---,52.2152768,0.1441408
1,4685.3,0.0,00:26:57.6,00:20:50.0,0.40,00:00:00.0,0.00,70.5,569,0.0,0.0,---,---,---,---,---,---,---,---,---,---,52.2152784,0.1441316
1,4685.3,0.0,00:26:58.2,00:21:55.8,0.38,00:00:00.0,0.00,67.0,570,0.0,0.0,---,---,---,---,---,---,---,---,---,---,52.2152789,0.1441254
1,4685.3,0.0,00:26:59.1,00:20:50.0,0.40,00:00:00.0,0.00,103.0,571,0.0,0.0,---,---,---,---,---,---,---,---,---,---,52.2152773,0.1441149
1,4685.3,0.0,00:26:59.6,00:12:49.2,0.65,00:00:00.0,0.00,89.0,572,0.0,0.0,---,---,---,---,---,---,---,---,---,---,52.2152779,0.1441099
1,4685.3,0.0,00:27:01.2,00:11:24.9,0.73,00:00:00.0,0.00,107.5,573,0.0,0.0,---,---,---,---,---,---,---,---,---,---,52.2152728,0.1440984
1,4685.3,0.0,00:27:01.6,00:18:31.1,0.45,00:00:00.0,0.00,103.0,574,0.0,0.0,---,---,---,---,---,---,---,---,---,---,52.2152734,0.1440952
1,4685.3,0.0,00:27:02.8,00:23:08.9,0.36,00:00:00.0,0.00,46.0,575,0.0,0.0,---,---,---,---,---,---,---,---,---,---,52.2152753,0.1440808
1,4685.3,0.0,00:27:04.4,00:14:52.9,0.56,00:00:00.0,0.00,92.0,576,0.0,0.0,---,---,---,---,---,---,---,---,---,---,52.2152749,0.1440771
1,4685.8,0.0,00:27:05.9,00:18:31.1,0.45,00:00:00.0,0.00,41.0,577,0.4,0.0,---,---,---,---,---,---,---,---,---,---,52.2152664,0.1440656
1,4686.8,0.0,00:27:06.8,00:15:25.9,0.54,00:00:00.0,0.00,61.0,578,1.0,0.0,---,---,---,---,---,---,---,---,---,---,52.2152636,0.1440509
1,4689.6,0.0,00:27:08.5,00:08:15.0,1.01,00:00:00.0,0.00,36.5,579,2.8,0.0,---,---,---,---,---,---,---,---,---,---,52.2152393,0.1440266
1,4692.0,0.0,00:27:09.8,00:05:26.8,1.53,00:00:00.0,0.00,71.5,580,2.5,0.0,---,---,---,---,---,---,---,---,---,---,52.2152214,0.1440047
1,4692.3,0.0,00:27:10.4,00:04:44.1,1.76,00:00:00.0,0.00,45.0,581,0.3,0.0,---,---,---,---,---,---,---,---,---,---,52.2152218,0.1439991
1,4696.9,0.0,00:27:12.6,00:05:52.1,1.42,00:00:00.0,0.00,29.0,582,4.6,0.0,---,---,---,---,---,---,---,---,---,---,52.2151748,0.1440001
1,4697.5,0.0,00:27:15.6,00:06:24.6,1.30,00:00:00.0,0.00,25.5,583,0.7,0.0,---,---,---,---,---,---,---,---,---,---,52.2151794,0.1439993
1,4697.5,0.0,00:27:21.6,00:08:30.2,0.98,00:00:00.0,0.00,10.0,584,0.0,0.0,---,---,---,---,---,---,---,---,---,---,52.2152180,0.1439378
1,4697.5,0.0,00:27:24.2,00:10:57.9,0.76,00:00:00.0,0.00,19.5,585,0.0,0.0,---,---,---,---,---,---,---,---,---,---,52.2152077,0.1439542
1,4697.5,0.0,00:27:25.0,00:06:40.0,1.25,00:00:00.0,0.00,56.5,586,0.0,0.0,---,---,---,---,---,---,---,---,---,---,52.2152153,0.1439527
1,4697.5,0.0,00:27:25.8,00:07:00.2,1.19,00:00:00.0,0.00,73.5,587,0.0,0.0,---,---,---,---,---,---,---,---,---,---,52.2152350,0.1439570
1,4697.5,0.0,00:27:27.8,00:10:09.8,0.82,00:00:00.0,0.00,28.0,588,0.0,0.0,---,---,---,---,---,---,---,---,---,---,52.2152623,0.1439637
1,4697.5,0.0,00:27:30.8,00:11:44.2,0.71,00:00:00.0,0.00,22.0,589,0.0,0.0,---,---,---,---,---,---,---,---,---,---,52.2152446,0.1439513
1,4697.5,0.0,00:27:32.7,00:09:41.4,0.86,00:00:00.0,0.00,28.0,590,0.0,0.0,---,---,---,---,---,---,---,---,---,---,52.2152458,0.1439768
1,4697.5,0.0,00:27:33.4,00:06:07.6,1.36,00:00:00.0,0.00,87.5,591,0.0,0.0,---,---,---,---,---,---,---,---,---,---,52.2152322,0.1439949
1,4697.5,0.0,00:27:34.0,00:04:33.2,1.83,00:00:00.0,0.00,92.0,592,0.0,0.0,---,---,---,---,---,---,---,---,---,---,52.2152237,0.1440023
1,4697.5,0.0,00:27:34.6,00:04:01.5,2.07,00:00:00.0,0.00,96.5,593,0.0,0.0,---,---,---,---,---,---,---,---,---,---,52.2152120,0.1440171
1,4697.5,0.0,00:27:35.6,00:03:39.3,2.28,00:00:00.0,0.00,99.5,594,0.0,0.0,---,---,---,---,---,---,---,---,---,---,52.2152010,0.1440510
1,4697.5,0.0,00:27:36.2,00:03:17.6,2.53,00:00:00.0,0.00,94.5,595,0.0,0.0,---,---,---,---,---,---,---,---,---,---,52.2151932,0.1440861
1,4697.5,0.0,00:27:37.2,00:03:15.3,2.56,00:00:00.0,0.00,60.0,596,0.0,0.0,---,---,---,---,---,---,---,---,---,---,52.2152288,0.1440456
1,4697.5,0.0,00:27:38.0,00:04:27.4,1.87,00:00:00.0,0.00,85.0,597,0.0,0.0,---,---,---,---,---,---,---,---,---,---,52.2152333,0.1440487
1,4697.5,0.0,00:27:40.4,00:06:53.2,1.21,00:00:00.0,0.00,55.0,598,0.0,0.0,---,---,---,---,---,---,---,---,---,---,52.2152339,0.1440372
1,4697.5,0.0,00:27:41.5,00:08:05.4,1.03,00:00:00.0,0.00,29.0,599,0.0,0.0,---,---,---,---,---,---,---,---,---,---,52.2152287,0.1440355
1,4697.5,0.0,00:27:43.0,00:09:41.4,0.86,00:00:00.0,0.00,33.0,600,0.0,0.0,---,---,---,---,---,---,---,---,---,---,52.2152013,0.1440005
1,4697.5,0.0,00:27:44.7,00:10:09.8,0.82,00:00:00.0,0.00,38.5,601,0.0,0.0,---,---,---,---,---,---,---,---,---,---,52.2151956,0.1439526
1,4698.3,0.0,00:27:45.4,00:10:09.8,0.82,00:00:00.0,0.00,61.5,602,0.7,0.0,---,---,---,---,---,---,---,---,---,---,52.2151849,0.1439346
1,4706.4,0.0,00:27:49.0,00:09:55.2,0.84,00:00:00.0,0.00,20.5,603,8.1,0.0,---,---,---,---,---,---,---,---,---,---,52.2152051,0.1438186
1,4711.1,0.0,00:27:52.4,00:09:55.2,0.84,00:00:00.0,0.00,18.0,604,4.7,0.0,---,---,---,---,---,---,---,---,---,---,52.2152043,0.1437553
1,4718.7,0.0,00:28:00.3,00:08:30.2,0.98,00:00:00.0,0.00,81.5,605,7.6,0.0,---,---,---,---,---,---,---,---,---,---,52.2153360,0.1438202
1,4720.6,0.0,00:28:01.6,00:06:30.6,1.28,00:00:00.0,0.00,92.0,606,1.9,0.0,---,---,---,---,---,---,---,---,---,---,52.2153528,0.1438243
1,4722.3,0.0,00:28:02.3,00:06:36.8,1.26,00:00:00.0,0.00,66.5,607,1.7,0.0,---,---,---,---,---,---,---,---,---,---,52.2153674,0.1438315
1,4724.8,0.0,00:28:05.1,00:07:07.4,1.17,00:00:00.0,0.00,23.0,608,2.5,0.0,---,---,---,---,---,---,---,---,---,---,52.2153909,0.1438258
1,4725.8,0.0,00:28:06.3,00:09:41.4,0.86,00:00:00.0,0.00,47.5,609,1.0,0.0,---,---,---,---,---,---,---,---,---,---,52.2153995,0.1438180
1,4726.6,0.0,00:28:07.6,00:15:09.1,0.55,00:00:00.0,0.00,45.0,610,0.8,0.0,---,---,---,---,---,---,---,---,---,---,52.2154070,0.1438136
1,4743.3,0.0,00:28:16.2,00:09:48.2,0.85,00:00:00.0,0.00,72.5,611,16.6,0.0,---,---,---,---,---,---,---,---,---,---,52.2155831,0.1437986
1,4746.0,0.0,00:28:17.8,00:09:09.5,0.91,00:00:00.0,0.00,45.5,612,2.7,0.0,---,---,---,---,---,---,---,---,---,---,52.2156062,0.1438089
1,4751.3,0.0,00:28:20.2,00:08:25.0,0.99,00:00:00.0,0.00,23.0,613,5.3,0.0,---,---,---,---,---,---,---,---,---,---,52.2156438,0.1438608
1,4752.6,0.0,00:28:20.8,00:07:30.5,1.11,00:00:00.0,0.00,111.0,614,1.3,0.0,---,---,---,---,---,---,---,---,---,---,52.2156531,0.1438730
1,4757.0,0.0,00:28:28.4,00:07:56.2,1.05,00:00:00.0,0.00,8.0,615,4.5,0.0,---,---,---,---,---,---,---,---,---,---,52.2156914,0.1438790
1,4758.5,0.0,00:28:30.5,00:10:57.9,0.76,00:00:00.0,0.00,26.5,616,1.5,0.0,---,---,---,---,---,---,---,---,---,---,52.2157026,0.1438740
1,4764.0,0.0,00:28:42.5,00:14:52.9,0.56,00:00:00.0,0.00,14.5,617,5.5,0.0,---,---,---,---,---,---,---,---,---,---,52.2155735,0.1440167
1,4767.7,0.0,00:28:43.7,00:14:22.1,0.58,00:00:00.0,0.00,14.0,618,3.7,0.0,---,---,---,---,---,---,---,---,---,---,52.2155482,0.1440519
1,4774.1,0.0,00:28:46.3,00:11:15.7,0.74,00:00:00.0,0.00,27.5,619,6.4,0.0,---,---,---,---,---,---,---,---,---,---,52.2155191,0.1441350
1,4777.6,0.0,00:28:47.9,00:07:51.7,1.06,00:00:00.0,0.00,30.0,620,3.5,0.0,---,---,---,---,---,---,---,---,---,---,52.2155353,0.1441491
1,4780.5,0.0,00:28:49.5,00:07:18.6,1.14,00:00:00.0,0.00,62.0,621,2.9,0.0,---,---,---,---,---,---,---,---,---,---,52.2155637,0.1440758
1,4794.9,0.0,00:28:55.7,00:10:09.8,0.82,00:00:00.0,0.00,9.0,622,14.4,0.0,---,---,---,---,---,---,---,---,---,---,52.2155724,0.1438575
1,4796.8,0.0,00:28:57.5,00:16:20.4,0.51,00:00:00.0,0.00,35.5,623,1.9,0.0,---,---,---,---,---,---,---,---,---,---,52.2155724,0.1438301
1,4802.4,0.0,00:29:06.5,00:14:37.2,0.57,00:00:00.0,0.00,45.5,624,5.6,0.0,---,---,---,---,---,---,---,---,---,---,52.2155503,0.1437545
1,4803.8,0.0,00:29:07.0,00:15:43.4,0.53,00:00:00.0,0.00,12.5,625,1.4,0.0,---,---,---,---,---,---,---,---,---,---,52.2155388,0.1437452
1,4805.2,0.0,00:29:08.2,00:24:30.6,0.34,00:00:00.0,0.00,45.0,626,1.3,0.0,---,---,---,---,---,---,---,---,---,---,52.2155282,0.1437369
1,4807.1,0.0,00:29:10.2,00:26:02.5,0.32,00:00:00.0,0.00,58.5,627,1.9,0.0,---,---,---,---,---,---,---,---,---,---,52.2155123,0.1437260
1,4818.5,0.0,00:29:24.3,00:23:08.9,0.36,00:00:00.0,0.00,8.0,628,11.4,0.0,---,---,---,---,---,---,---,---,---,---,52.2153148,0.1437701
1,4820.3,0.0,00:29:30.5,00:43:51.6,0.19,00:00:00.0,0.00,9.5,629,1.9,0.0,---,---,---,---,---,---,---,---,---,---,52.2153312,0.1437726
1,4822.7,0.0,00:29:39.2,00:10:41.0,0.78,00:00:00.0,0.00,61.0,630,2.3,0.0,---,---,---,---,---,---,---,---,---,---,52.2155707,0.1445155
1,4825.3,0.0,00:29:41.0,00:05:44.8,1.45,00:00:00.0,0.00,35.0,631,2.6,0.0,---,---,---,---,---,---,---,---,---,---,52.2155875,0.1445423
1,4830.8,0.0,00:29:44.8,00:05:44.8,1.45,00:00:00.0,0.00,17.0,632,5.5,0.0,---,---,---,---,---,---,---,---,---,---,52.2156230,0.1445988
1,4832.6,0.0,00:29:46.6,00:06:21.7,1.31,00:00:00.0,0.00,26.5,633,1.8,0.0,---,---,---,---,---,---,---,---,---,---,52.2156343,0.1446166
1,4832.6,0.0,00:29:49.6,00:14:22.1,0.58,00:00:00.0,0.00,23.0,634,0.0,0.0,---,---,---,---,---,---,---,---,---,---,52.2156343,0.1446166
1,4832.6,0.0,00:29:51.8,00:00:00.0,0.00,00:00:00.0,0.00,27.0,635,0.0,0.0,---,---,---,---,---,---,---,---,---,---,52.2156343,0.1446166
1,4832.6,0.0,00:29:53.6,00:00:00.0,0.00,00:00:00.0,0.00,32.0,636,0.0,0.0,---,---,---,---,---,---,---,---,---,---,52.2156343,0.1446166
1,4832.6,0.0,00:29:54.8,00:00:00.0,0.00,00:00:00.0,0.00,49.0,637,0.0,0.0,---,---,---,---,---,---,---,---,---,---,52.2156343,0.1446166
1,4832.6,0.0,00:30:05.2,00:00:00.0,0.00,00:00:00.0,0.00,21.0,638,0.0,0.0,---,---,---,---,---,---,---,---,---,---,52.2156343,0.1446166
1,4832.6,0.0,00:30:10.8,00:00:00.0,0.00,00:00:00.0,0.00,10.5,639,0.0,0.0,---,---,---,---,---,---,---,---,---,---,52.2156343,0.1446166
1,4833.6,0.0,00:30:15.0,00:26:02.5,0.32,00:00:00.0,0.00,23.0,640,1.0,0.0,---,---,---,---,---,---,---,---,---,---,52.2150536,0.1446297
1,4835.2,0.0,00:30:16.0,00:07:51.7,1.06,00:00:00.0,0.00,33.5,641,1.6,0.0,---,---,---,---,---,---,---,---,---,---,52.2150419,0.1446167
1,4844.2,0.0,00:30:19.5,00:04:07.5,2.02,00:00:00.0,0.00,17.5,642,9.0,0.0,---,---,---,---,---,---,---,---,---,---,52.2149770,0.1445393
1,4853.9,0.0,00:30:22.6,00:03:09.4,2.64,00:00:00.0,0.00,19.0,643,9.8,0.0,---,---,---,---,---,---,---,---,---,---,52.2149053,0.1444559
1,4865.0,0.0,00:30:25.8,00:02:33.4,3.26,00:00:00.0,0.00,19.5,644,11.1,0.0,---,---,---,---,---,---,---,---,---,---,52.2148275,0.1443543
1,4876.0,0.0,00:30:28.8,00:02:20.4,3.56,00:00:00.0,0.00,20.5,645,10.9,0.0,---,---,---,---,---,---,---,---,---,---,52.2147565,0.1442440
1,4887.4,0.0,00:30:31.6,00:02:15.5,3.69,00:00:00.0,0.00,20.5,646,11.4,0.0,---,---,---,---,---,---,---,---,---,---,52.2146816,0.1441292
1,4899.0,0.0,00:30:34.6,00:02:10.5,3.83,00:00:00.0,0.00,20.5,647,11.6,0.0,---,---,---,---,---,---,---,---,---,---,52.2146077,0.1440085
1,4910.5,0.0,00:30:37.5,00:02:07.2,3.93,00:00:00.0,0.00,21.0,648,11.5,0.0,---,---,---,---,---,---,---,---,---,---,52.2145285,0.1439004
1,4922.5,0.0,00:30:40.4,00:02:02.5,4.08,00:00:00.0,0.00,20.5,649,12.0,0.0,---,---,---,---,---,---,---,---,---,---,52.2144429,0.1437940
1,4933.9,0.0,00:30:43.4,00:02:03.2,4.06,00:00:00.0,0.00,21.0,650,11.4,0.0,---,---,---,---,---,---,---,---,---,---,52.2143620,0.1436922
1,4945.6,0.0,00:30:46.4,00:02:06.3,3.96,00:00:00.0,0.00,21.0,651,11.8,0.0,---,---,---,---,---,---,---,---,---,---,52.2142743,0.1435960
1,4956.8,0.0,00:30:49.0,00:02:05.0,4.00,00:00:00.0,0.00,21.0,652,11.2,0.0,---,---,---,---,---,---,---,---,---,---,52.2141905,0.1435060
1,4968.6,0.0,00:30:52.0,00:02:04.1,4.03,00:00:00.0,0.00,21.0,653,11.8,0.0,---,---,---,---,---,---,---,---,---,---,52.2141010,0.1434132
1,4979.5,0.0,00:30:54.8,00:02:04.1,4.03,00:00:00.0,0.00,21.0,654,10.9,0.0,---,---,---,---,---,---,---,---,---,---,52.2140195,0.1433241
1,4990.1,0.0,00:30:57.6,00:02:05.9,3.97,00:00:00.0,0.00,21.0,655,10.6,0.0,---,---,---,---,---,---,---,---,---,---,52.2139372,0.1432456
1,5000.5,0.0,00:31:00.4,00:02:08.5,3.89,00:00:00.0,0.00,21.0,656,10.4,0.0,---,---,---,---,---,---,---,---,---,---,52.2138567,0.1431705
1,5011.9,0.0,00:31:03.2,00:02:10.2,3.84,00:00:00.0,0.00,21.0,657,11.4,0.0,---,---,---,---,---,---,---,---,---,---,52.2137662,0.1430902
1,5019.8,0.0,00:31:06.2,00:02:14.8,3.71,00:00:00.0,0.00,21.0,658,7.9,0.0,---,---,---,---,---,---,---,---,---,---,52.2137102,0.1430203
1,5026.3,0.0,00:31:09.0,00:02:50.1,2.94,00:00:00.0,0.00,21.0,659,6.5,0.0,---,---,---,---,---,---,---,---,---,---,52.2136570,0.1429778
1,5035.0,0.0,00:31:11.8,00:03:28.3,2.40,00:00:00.0,0.00,21.0,660,8.7,0.0,---,---,---,---,---,---,---,---,---,---,52.2135806,0.1429459
1,5046.2,0.0,00:31:14.6,00:02:42.3,3.08,00:00:00.0,0.00,21.5,661,11.2,0.0,---,---,---,---,---,---,---,---,---,---,52.2134871,0.1428855
1,5058.5,0.0,00:31:17.4,00:02:16.6,3.66,00:00:00.0,0.00,21.0,662,12.3,0.0,---,---,---,---,---,---,---,---,---,---,52.2133829,0.1428258
1,5072.2,0.0,00:31:20.4,00:02:11.6,3.80,00:00:00.0,0.00,21.0,663,13.7,0.0,---,---,---,---,---,---,---,---,---,---,52.2132673,0.1427566
1,5084.3,0.0,00:31:23.2,00:02:12.3,3.78,00:00:00.0,0.00,21.0,664,12.1,0.0,---,---,---,---,---,---,---,---,---,---,52.2131658,0.1426918
1,5095.2,0.0,00:31:26.0,00:02:17.7,3.63,00:00:00.0,0.00,21.5,665,10.9,0.0,---,---,---,---,---,---,---,---,---,---,52.2130727,0.1426407
1,5107.0,0.0,00:31:28.8,00:02:17.0,3.65,00:00:00.0,0.00,20.5,666,11.8,0.0,---,---,---,---,---,---,---,---,---,---,52.2129738,0.1425790
1,5119.7,0.0,00:31:31.6,00:02:08.2,3.90,00:00:00.0,0.00,21.0,667,12.7,0.0,---,---,---,---,---,---,---,---,---,---,52.2128713,0.1424975
1,5132.2,0.0,00:31:34.5,00:02:03.5,4.05,00:00:00.0,0.00,21.0,668,12.4,0.0,---,---,---,---,---,---,---,---,---,---,52.2127704,0.1424194
1,5143.9,0.0,00:31:37.4,00:02:04.4,4.02,00:00:00.0,0.00,20.5,669,11.8,0.0,---,---,---,---,---,---,---,---,---,---,52.2126731,0.1423523
1,5156.4,0.0,00:31:40.4,00:02:07.9,3.91,00:00:00.0,0.00,20.5,670,12.6,0.0,---,---,---,---,---,---,---,---,---,---,52.2125695,0.1422819
1,5168.7,0.0,00:31:43.4,00:02:11.6,3.80,00:00:00.0,0.00,20.5,671,12.3,0.0,---,---,---,---,---,---,---,---,---,---,52.2124713,0.1421980
1,5180.5,0.0,00:31:46.4,00:02:11.6,3.80,00:00:00.0,0.00,21.0,672,11.8,0.0,---,---,---,---,---,---,---,---,---,---,52.2123816,0.1421070
1,5192.0,0.0,00:31:49.4,00:02:13.3,3.75,00:00:00.0,0.00,20.0,673,11.5,0.0,---,---,---,---,---,---,---,---,---,---,52.2122977,0.1420076
1,5203.3,0.0,00:31:52.0,00:02:11.9,3.79,00:00:00.0,0.00,21.0,674,11.3,0.0,---,---,---,---,---,---,---,---,---,---,52.2122205,0.1418998
1,5215.7,0.0,00:31:55.0,00:02:08.9,3.88,00:00:00.0,0.00,20.5,675,12.4,0.0,---,---,---,---,---,---,---,---,---,---,52.2121358,0.1417826
1,5227.3,0.0,00:31:57.8,00:02:08.9,3.88,00:00:00.0,0.00,20.5,676,11.5,0.0,---,---,---,---,---,---,---,---,---,---,52.2120539,0.1416783
1,5239.8,0.0,00:32:00.8,00:02:08.9,3.88,00:00:00.0,0.00,21.0,677,12.5,0.0,---,---,---,---,---,---,---,---,---,---,52.2119771,0.1415438
1,5251.1,0.0,00:32:03.6,00:02:09.9,3.85,00:00:00.0,0.00,21.0,678,11.4,0.0,---,---,---,---,---,---,---,---,---,---,52.2119058,0.1414245
1,5263.0,0.0,00:32:06.6,00:02:11.6,3.80,00:00:00.0,0.00,20.5,679,11.9,0.0,---,---,---,---,---,---,---,---,---,---,52.2118365,0.1412927
1,5275.2,0.0,00:32:09.4,00:02:09.5,3.86,00:00:00.0,0.00,21.0,680,12.2,0.0,---,---,---,---,---,---,---,---,---,---,52.2117611,0.1411629
1,5286.2,0.0,00:32:12.2,00:02:06.3,3.96,00:00:00.0,0.00,21.0,681,11.0,0.0,---,---,---,---,---,---,---,---,---,---,52.2116991,0.1410373
1,5297.3,0.0,00:32:15.2,00:02:07.9,3.91,00:00:00.0,0.00,21.0,682,11.1,0.0,---,---,---,---,---,---,---,---,---,---,52.2116499,0.1408947
1,5309.1,0.0,00:32:18.0,00:02:07.2,3.93,00:00:00.0,0.00,21.0,683,11.8,0.0,---,---,---,---,---,---,---,---,---,---,52.2115940,0.1407476
1,5320.5,0.0,00:32:20.8,00:02:05.9,3.97,00:00:00.0,0.00,20.5,684,11.4,0.0,---,---,---,---,---,---,---,---,---,---,52.2115401,0.1406056
1,5332.0,0.0,00:32:23.6,00:02:06.9,3.94,00:00:00.0,0.00,21.0,685,11.5,0.0,---,---,---,---,---,---,---,---,---,---,52.2114834,0.1404648
1,5344.1,0.0,00:32:26.6,00:02:06.9,3.94,00:00:00.0,0.00,21.0,686,12.1,0.0,---,---,---,---,---,---,---,---,---,---,52.2114332,0.1403080
1,5355.9,0.0,00:32:29.4,00:02:05.9,3.97,00:00:00.0,0.00,21.0,687,11.9,0.0,---,---,---,---,---,---,---,---,---,---,52.2113819,0.1401553
1,5367.2,0.0,00:32:32.2,00:02:06.9,3.94,00:00:00.0,0.00,21.0,688,11.2,0.0,---,---,---,---,---,---,---,---,---,---,52.2113449,0.1400022
1,5378.5,0.0,00:32:35.0,00:02:07.6,3.92,00:00:00.0,0.00,21.0,689,11.3,0.0,---,---,---,---,---,---,---,---,---,---,52.2113115,0.1398460
1,5389.9,0.0,00:32:38.0,00:02:08.2,3.90,00:00:00.0,0.00,21.0,690,11.5,0.0,---,---,---,---,---,---,---,---,---,---,52.2112846,0.1396843
1,5401.4,0.0,00:32:40.8,00:02:09.5,3.86,00:00:00.0,0.00,21.5,691,11.4,0.0,---,---,---,---,---,---,---,---,---,---,52.2112650,0.1395199
1,5412.4,0.0,00:32:43.6,00:02:08.9,3.88,00:00:00.0,0.00,21.0,692,11.0,0.0,---,---,---,---,---,---,---,---,---,---,52.2112413,0.1393630
1,5423.2,0.0,00:32:46.4,00:02:08.5,3.89,00:00:00.0,0.00,21.0,693,10.8,0.0,---,---,---,---,---,---,---,---,---,---,52.2112283,0.1392065
1,5434.9,0.0,00:32:49.4,00:02:07.6,3.92,00:00:00.0,0.00,21.0,694,11.7,0.0,---,---,---,---,---,---,---,---,---,---,52.2112213,0.1390356
1,5446.1,0.0,00:32:52.4,00:02:10.2,3.84,00:00:00.0,0.00,21.0,695,11.3,0.0,---,---,---,---,---,---,---,---,---,---,52.2112196,0.1388704
1,5456.3,0.0,00:32:55.0,00:02:17.7,3.63,00:00:00.0,0.00,21.0,696,10.2,0.0,---,---,---,---,---,---,---,---,---,---,52.2112246,0.1387219
1,5468.7,0.0,00:32:58.0,00:02:14.8,3.71,00:00:00.0,0.00,21.0,697,12.4,0.0,---,---,---,---,---,---,---,---,---,---,52.2112503,0.1385448
1,5479.9,0.0,00:33:00.6,00:02:06.3,3.96,00:00:00.0,0.00,21.0,698,11.2,0.0,---,---,---,---,---,---,---,---,---,---,52.2112649,0.1383821
1,5491.4,0.0,00:33:03.6,00:02:08.5,3.89,00:00:00.0,0.00,21.0,699,11.5,0.0,---,---,---,---,---,---,---,---,---,---,52.2112705,0.1382141
1,5502.1,0.0,00:33:06.4,00:02:12.6,3.77,00:00:00.0,0.00,21.5,700,10.8,0.0,---,---,---,---,---,---,---,---,---,---,52.2112729,0.1380563
1,5513.8,0.0,00:33:09.2,00:02:10.2,3.84,00:00:00.0,0.00,20.5,701,11.6,0.0,---,---,---,---,---,---,---,---,---,---,52.2112790,0.1378862
1,5525.4,0.0,00:33:12.2,00:02:08.5,3.89,00:00:00.0,0.00,20.5,702,11.7,0.0,---,---,---,---,---,---,---,---,---,---,52.2112768,0.1377149
1,5536.5,0.0,00:33:15.0,00:02:07.2,3.93,00:00:00.0,0.00,20.5,703,11.1,0.0,---,---,---,---,---,---,---,---,---,---,52.2112621,0.1375551
1,5549.2,0.0,00:33:18.0,00:02:05.3,3.99,00:00:00.0,0.00,21.0,704,12.7,0.0,---,---,---,---,---,---,---,---,---,---,52.2112535,0.1373684
1,5560.4,0.0,00:33:20.8,00:02:06.3,3.96,00:00:00.0,0.00,21.0,705,11.2,0.0,---,---,---,---,---,---,---,---,---,---,52.2112323,0.1372080
1,5571.7,0.0,00:33:23.6,00:02:09.5,3.86,00:00:00.0,0.00,21.0,706,11.2,0.0,---,---,---,---,---,---,---,---,---,---,52.2111872,0.1370594
1,5586.4,0.0,00:33:26.6,00:02:07.6,3.92,00:00:00.0,0.00,21.0,707,14.8,0.0,---,---,---,---,---,---,---,---,---,---,52.2110882,0.1369223
1,5596.7,0.0,00:33:29.4,00:01:57.1,4.27,00:00:00.0,0.00,21.0,708,10.2,0.0,---,---,---,---,---,---,---,---,---,---,52.2110283,0.1368035
1,5606.9,0.0,00:33:32.2,00:01:58.5,4.22,00:00:00.0,0.00,21.0,709,10.2,0.0,---,---,---,---,---,---,---,---,---,---,52.2109806,0.1366746
1,5618.6,0.0,00:33:35.0,00:02:14.4,3.72,00:00:00.0,0.00,21.0,710,11.7,0.0,---,---,---,---,---,---,---,---,---,---,52.2109108,0.1365456
1,5629.3,0.0,00:33:38.0,00:02:21.6,3.53,00:00:00.0,0.00,21.0,711,10.7,0.0,---,---,---,---,---,---,---,---,---,---,52.2109009,0.1363796
1,5639.8,0.0,00:33:40.6,00:02:12.6,3.77,00:00:00.0,0.00,21.0,712,10.5,0.0,---,---,---,---,---,---,---,---,---,---,52.2108576,0.1362432
1,5651.4,0.0,00:33:43.6,00:02:05.6,3.98,00:00:00.0,0.00,21.0,713,11.6,0.0,---,---,---,---,---,---,---,---,---,---,52.2108086,0.1360942
1,5660.9,0.0,00:33:46.4,00:02:07.6,3.92,00:00:00.0,0.00,21.0,714,9.6,0.0,---,---,---,---,---,---,---,---,---,---,52.2107852,0.1359597
1,5673.0,0.0,00:33:49.4,00:02:08.5,3.89,00:00:00.0,0.00,21.0,715,12.1,0.0,---,---,---,---,---,---,---,---,---,---,52.2107340,0.1358015
1,5685.0,0.0,00:33:52.4,00:02:08.5,3.89,00:00:00.0,0.00,20.5,716,12.0,0.0,---,---,---,---,---,---,---,---,---,---,52.2106842,0.1356462
1,5696.7,0.0,00:33:55.0,00:02:07.2,3.93,00:00:00.0,0.00,21.0,717,11.7,0.0,---,---,---,---,---,---,---,---,---,---,52.2106353,0.1354944
1,5708.4,0.0,00:33:57.8,00:02:05.9,3.97,00:00:00.0,0.00,21.0,718,11.7,0.0,---,---,---,---,---,---,---,---,---,---,52.2105872,0.1353422
1,5719.6,0.0,00:34:00.8,00:02:09.2,3.87,00:00:00.0,0.00,21.5,719,11.2,0.0,---,---,---,---,---,---,---,---,---,---,52.2105494,0.1351917
1,5730.3,0.0,00:34:03.6,00:02:14.4,3.72,00:00:00.0,0.00,20.5,720,10.7,0.0,---,---,---,---,---,---,---,---,---,---,52.2105266,0.1350393
1,5741.0,0.0,00:34:06.6,00:02:15.5,3.69,00:00:00.0,0.00,20.5,721,10.7,0.0,---,---,---,---,---,---,---,---,---,---,52.2105067,0.1348863
1,5751.2,0.0,00:34:09.6,00:02:21.6,3.53,00:00:00.0,0.00,20.5,722,10.3,0.0,---,---,---,---,---,---,---,---,---,---,52.2104908,0.1347380
1,5762.3,0.0,00:34:12.8,00:02:31.1,3.31,00:00:00.0,0.00,21.0,723,11.1,0.0,---,---,---,---,---,---,---,---,---,---,52.2104820,0.1345756
1,5771.5,0.0,00:34:15.6,00:02:29.7,3.34,00:00:00.0,0.00,18.5,724,9.1,0.0,---,---,---,---,---,---,---,---,---,---,52.2104719,0.1344428
1,5776.3,0.0,00:34:17.2,00:02:34.8,3.23,00:00:00.0,0.00,42.0,725,4.9,0.0,---,---,---,---,---,---,---,---,---,---,52.2104810,0.1343713
1,5778.0,0.0,00:34:17.8,00:02:44.5,3.04,00:00:00.0,0.00,59.5,726,1.7,0.0,---,---,---,---,---,---,---,---,---,---,52.2104838,0.1343470
1,5781.8,0.0,00:34:19.4,00:02:49.5,2.95,00:00:00.0,0.00,85.0,727,3.8,0.0,---,---,---,---,---,---,---,---,---,---,52.2104773,0.1342918
1,5806.8,0.0,00:34:27.0,00:02:35.8,3.21,00:00:00.0,0.00,90.5,728,25.1,0.0,---,---,---,---,---,---,---,---,---,---,52.2104499,0.1338584
1,5819.8,0.0,00:34:30.3,00:02:28.4,3.37,00:00:00.0,0.00,19.5,729,12.9,0.0,---,---,---,---,---,---,---,---,---,---,52.2104554,0.1336711
1,5831.0,0.0,00:34:33.1,00:02:13.3,3.75,00:00:00.0,0.00,20.0,730,11.2,0.0,---,---,---,---,---,---,---,---,---,---,52.2104672,0.1335081
1,5845.4,0.0,00:34:36.9,00:02:09.5,3.86,00:00:00.0,0.00,20.5,731,14.5,0.0,---,---,---,---,---,---,---,---,---,---,52.2104850,0.1332978
1,5852.0,0.0,00:34:39.0,00:02:11.9,3.79,00:00:00.0,0.00,20.0,732,6.6,0.0,---,---,---,---,---,---,---,---,---,---,52.2104756,0.1332033
1,5861.9,0.0,00:34:42.0,00:02:17.4,3.64,00:00:00.0,0.00,20.5,733,9.9,0.0,---,---,---,---,---,---,---,---,---,---,52.2104689,0.1330590
1,5873.0,0.0,00:34:45.0,00:02:23.7,3.48,00:00:00.0,0.00,20.5,734,11.1,0.0,---,---,---,---,---,---,---,---,---,---,52.2104732,0.1328957
1,5883.8,0.0,00:34:47.9,00:02:15.5,3.69,00:00:00.0,0.00,20.5,735,10.8,0.0,---,---,---,---,---,---,---,---,---,---,52.2104748,0.1327374
1,5895.8,0.0,00:34:51.0,00:02:11.2,3.81,00:00:00.0,0.00,20.0,736,12.0,0.0,---,---,---,---,---,---,---,---,---,---,52.2104864,0.1325626
1,5907.2,0.0,00:34:53.9,00:02:10.5,3.83,00:00:00.0,0.00,21.0,737,11.4,0.0,---,---,---,---,---,---,---,---,---,---,52.2105137,0.1324011
1,5917.2,0.0,00:34:56.9,00:02:08.9,3.88,00:00:00.0,0.00,21.0,738,10.0,0.0,---,---,---,---,---,---,---,---,---,---,52.2105479,0.1322647
1,5928.6,0.0,00:34:59.9,00:02:14.8,3.71,00:00:00.0,0.00,20.5,739,11.4,0.0,---,---,---,---,---,---,---,---,---,---,52.2105758,0.1321043
1,5940.4,0.0,00:35:02.9,00:02:13.7,3.74,00:00:00.0,0.00,21.0,740,11.8,0.0,---,---,---,---,---,---,---,---,---,---,52.2106045,0.1319382
1,5950.4,0.0,00:35:05.3,00:02:08.9,3.88,00:00:00.0,0.00,20.5,741,10.0,0.0,---,---,---,---,---,---,---,---,---,---,52.2106287,0.1317973
1,5963.0,0.0,00:35:08.5,00:02:06.9,3.94,00:00:00.0,0.00,20.5,742,12.6,0.0,---,---,---,---,---,---,---,---,---,---,52.2106672,0.1316233
1,5975.3,0.0,00:35:11.5,00:02:05.9,3.97,00:00:00.0,0.00,20.5,743,12.2,0.0,---,---,---,---,---,---,---,---,---,---,52.2107249,0.1314705
1,5985.9,0.0,00:35:14.3,00:02:05.3,3.99,00:00:00.0,0.00,20.5,744,10.6,0.0,---,---,---,---,---,---,---,---,---,---,52.2107694,0.1313325
1,5994.9,0.0,00:35:17.1,00:02:14.0,3.73,00:00:00.0,0.00,20.5,745,9.1,0.0,---,---,---,---,---,---,---,---,---,---,52.2108022,0.1312108
1,6008.2,0.0,00:35:20.1,00:02:18.5,3.61,00:00:00.0,0.00,20.5,746,13.2,0.0,---,---,---,---,---,---,---,---,---,---,52.2108600,0.1310412
1,6019.6,0.0,00:35:22.9,00:02:07.6,3.92,00:00:00.0,0.00,21.0,747,11.4,0.0,---,---,---,---,---,---,---,---,---,---,52.2109121,0.1308967
1,6033.1,0.0,00:35:25.7,00:02:01.4,4.12,00:00:00.0,0.00,21.0,748,13.5,0.0,---,---,---,---,---,---,---,---,---,---,52.2109805,0.1307327
1,6045.7,0.0,00:35:28.7,00:02:00.2,4.16,00:00:00.0,0.00,20.5,749,12.5,0.0,---,---,---,---,---,---,---,---,---,---,52.2110462,0.1305837
1,6057.4,0.0,00:35:31.7,00:02:02.8,4.07,00:00:00.0,0.00,20.5,750,11.8,0.0,---,---,---,---,---,---,---,---,---,---,52.2111022,0.1304373
1,6091.4,0.0,00:35:42.4,00:03:01.8,2.75,00:00:00.0,0.00,18.5,751,34.0,0.0,---,---,---,---,---,---,---,---,---,---,52.2113888,0.1298182
1,6112.3,0.0,00:35:49.1,00:03:07.3,2.67,00:00:00.0,0.00,9.0,752,20.8,0.0,---,---,---,---,---,---,---,---,---,---,52.2115193,0.1295993
1,6135.7,0.0,00:35:56.4,00:02:44.5,3.04,00:00:00.0,0.00,8.5,753,23.4,0.0,---,---,---,---,---,---,---,---,---,---,52.2116753,0.1293734
1,6138.9,0.0,00:35:57.6,00:02:56.7,2.83,00:00:00.0,0.00,38.0,754,3.2,0.0,---,---,---,---,---,---,---,---,---,---,52.2116983,0.1293444
1,6159.6,0.0,00:36:04.6,00:02:53.6,2.88,00:00:00.0,0.00,8.5,755,20.8,0.0,---,---,---,---,---,---,---,---,---,---,52.2118383,0.1291603
1,6198.2,0.0,00:36:18.6,00:03:04.5,2.71,00:00:00.0,0.00,9.5,756,38.6,0.0,---,---,---,---,---,---,---,---,---,---,52.2122064,0.1288004
1,6211.7,0.0,00:36:24.3,00:03:16.9,2.54,00:00:00.0,0.00,11.0,757,13.5,0.0,---,---,---,---,---,---,---,---,---,---,52.2122945,0.1286633
1,6232.1,0.0,00:36:31.7,00:02:56.7,2.83,00:00:00.0,0.00,8.0,758,20.3,0.0,---,---,---,---,---,---,---,---,---,---,52.2124086,0.1284328
1,6242.1,0.0,00:36:36.3,00:03:16.1,2.55,00:00:00.0,0.00,13.0,759,10.0,0.0,---,---,---,---,---,---,---,---,---,---,52.2124544,0.1283082
1,6260.4,0.0,00:36:42.6,00:03:30.1,2.38,00:00:00.0,0.00,9.5,760,18.3,0.0,---,---,---,---,---,---,---,---,---,---,52.2125519,0.1280919
1,6275.1,0.0,00:36:48.1,00:03:03.1,2.73,00:00:00.0,0.00,11.0,761,14.7,0.0,---,---,---,---,---,---,---,---,---,---,52.2126412,0.1279342
1,6293.1,0.0,00:36:53.4,00:02:45.6,3.02,00:00:00.0,0.00,11.5,762,18.0,0.0,---,---,---,---,---,---,---,---,---,---,52.2127388,0.1277242
1,6306.4,0.0,00:36:58.0,00:02:54.2,2.87,00:00:00.0,0.00,12.5,763,13.3,0.0,---,---,---,---,---,---,---,---,---,---,52.2128024,0.1275592
1,6334.8,0.0,00:37:09.3,00:03:28.3,2.40,00:00:00.0,0.00,16.5,764,28.5,0.0,---,---,---,---,---,---,---,---,---,---,52.2129395,0.1271976
1,6345.0,0.0,00:37:12.7,00:03:37.4,2.30,00:00:00.0,0.00,18.5,765,10.2,0.0,---,---,---,---,---,---,---,---,---,---,52.2128963,0.1273289
1,6355.5,0.0,00:37:15.7,00:02:46.7,3.00,00:00:00.0,0.00,19.5,766,10.5,0.0,---,---,---,---,---,---,---,---,---,---,52.2128632,0.1274727
1,6365.4,0.0,00:37:18.7,00:02:24.1,3.47,00:00:00.0,0.00,20.0,767,9.9,0.0,---,---,---,---,---,---,---,---,---,---,52.2128349,0.1276104
1,6375.6,0.0,00:37:21.7,00:02:32.0,3.29,00:00:00.0,0.00,20.5,768,10.2,0.0,---,---,---,---,---,---,---,---,---,---,52.2127941,0.1277443
1,6408.3,0.0,00:37:32.6,00:03:08.0,2.66,00:00:00.0,0.00,18.5,769,32.7,0.0,---,---,---,---,---,---,---,---,---,---,52.2125261,0.1282884
1,6445.5,0.0,00:37:43.4,00:02:44.5,3.04,00:00:00.0,0.00,18.5,770,37.1,0.0,---,---,---,---,---,---,---,---,---,---,52.2122011,0.1288238
1,6457.9,0.0,00:37:52.8,00:21:22.1,0.39,00:00:00.0,0.00,30.5,771,12.4,0.0,---,---,---,---,---,---,---,---,---,---,52.2121345,0.1287653
1,6458.9,0.0,00:37:53.7,00:18:07.0,0.46,00:00:00.0,0.00,50.5,772,1.0,0.0,---,---,---,---,---,---,---,---,---,---,52.2121258,0.1287641
1,6460.8,0.0,00:37:54.7,00:23:08.9,0.36,00:00:00.0,0.00,98.5,773,1.9,0.0,---,---,---,---,---,---,---,---,---,---,52.2121088,0.1287578
1,6462.8,0.0,00:37:55.8,00:30:51.9,0.27,00:00:00.0,0.00,47.0,774,2.0,0.0,---,---,---,---,---,---,---,---,---,---,52.2120921,0.1287442
1,6463.7,0.0,00:37:59.5,01:15:45.5,0.11,00:00:00.0,0.00,17.5,775,0.9,0.0,---,---,---,---,---,---,---,---,---,---,52.2120844,0.1287892
1,6464.0,0.0,00:38:04.3,00:59:31.4,0.14,00:00:00.0,0.00,14.0,776,0.3,0.0,---,---,---,---,---,---,---,---,---,---,52.2120876,0.1287952
1,6464.4,0.0,00:38:10.4,00:59:31.4,0.14,00:00:00.0,0.00,12.5,777,0.4,0.0,---,---,---,---,---,---,---,---,---,---,52.2114353,0.1296986
1,6473.3,0.0,00:38:20.7,00:59:31.4,0.14,00:00:00.0,0.00,20.0,778,9.0,0.0,---,---,---,---,---,---,---,---,---,---,52.2111049,0.1303969
1,6481.6,0.0,00:38:22.4,00:02:37.2,3.18,00:00:00.0,0.00,20.0,779,8.3,0.0,---,---,---,---,---,---,---,---,---,---,52.2110680,0.1305018
1,6489.7,0.0,00:38:24.2,00:02:02.5,4.08,00:00:00.0,0.00,33.0,780,8.1,0.0,---,---,---,---,---,---,---,---,---,---,52.2110271,0.1305997
1,6498.8,0.0,00:38:26.0,00:01:47.8,4.64,00:00:00.0,0.00,35.5,781,9.1,0.0,---,---,---,---,---,---,---,---,---,---,52.2109803,0.1307097
1,6507.2,0.0,00:38:27.6,00:01:40.2,4.99,00:00:00.0,0.00,38.0,782,8.4,0.0,---,---,---,---,---,---,---,---,---,---,52.2109379,0.1308116
1,6515.7,0.0,00:38:29.2,00:01:36.2,5.20,00:00:00.0,0.00,36.5,783,8.5,0.0,---,---,---,---,---,---,---,---,---,---,52.2108974,0.1309181
1,6524.6,0.0,00:38:30.8,00:01:33.5,5.35,00:00:00.0,0.00,36.5,784,8.8,0.0,---,---,---,---,---,---,---,---,---,---,52.2108575,0.1310303
1,6533.3,0.0,00:38:32.7,00:01:32.6,5.40,00:00:00.0,0.00,36.5,785,8.7,0.0,---,---,---,---,---,---,---,---,---,---,52.2108237,0.1311451
1,6542.3,0.0,00:38:34.0,00:01:30.7,5.51,00:00:00.0,0.00,36.5,786,9.0,0.0,---,---,---,---,---,---,---,---,---,---,52.2107923,0.1312660
1,6550.3,0.0,00:38:35.7,00:01:30.3,5.54,00:00:00.0,0.00,36.5,787,8.0,0.0,---,---,---,---,---,---,---,---,---,---,52.2107670,0.1313761
1,6561.3,0.0,00:38:37.4,00:01:28.8,5.63,00:00:00.0,0.00,36.5,788,11.0,0.0,---,---,---,---,---,---,---,---,---,---,52.2107349,0.1315289
1,6570.4,0.0,00:38:39.0,00:01:28.7,5.64,00:00:00.0,0.00,35.0,789,9.1,0.0,---,---,---,---,---,---,---,---,---,---,52.2107120,0.1316569
1,6579.4,0.0,00:38:40.6,00:01:30.1,5.55,00:00:00.0,0.00,36.5,790,9.0,0.0,---,---,---,---,---,---,---,---,---,---,52.2106871,0.1317818
1,6589.2,0.0,00:38:42.4,00:01:30.7,5.51,00:00:00.0,0.00,36.5,791,9.8,0.0,---,---,---,---,---,---,---,---,---,---,52.2106603,0.1319186
1,6597.7,0.0,00:38:44.0,00:01:31.6,5.46,00:00:00.0,0.00,35.0,792,8.6,0.0,---,---,---,---,---,---,---,---,---,---,52.2106346,0.1320372
1,6606.6,0.0,00:38:45.6,00:01:33.1,5.37,00:00:00.0,0.00,36.5,793,8.9,0.0,---,---,---,---,---,---,---,---,---,---,52.2106099,0.1321609
1,6616.3,0.0,00:38:47.7,00:01:33.1,5.37,00:00:00.0,0.00,35.0,794,9.7,0.0,---,---,---,---,---,---,---,---,---,---,52.2105894,0.1322986
1,6624.8,0.0,00:38:49.0,00:01:31.6,5.46,00:00:00.0,0.00,36.5,795,8.6,0.0,---,---,---,---,---,---,---,---,---,---,52.2105703,0.1324199
1,6632.5,0.0,00:38:50.7,00:01:31.6,5.46,00:00:00.0,0.00,35.0,796,7.7,0.0,---,---,---,---,---,---,---,---,---,---,52.2105535,0.1325298
1,6643.2,0.0,00:38:52.4,00:01:31.1,5.49,00:00:00.0,0.00,35.0,797,10.6,0.0,---,---,---,---,---,---,---,---,---,---,52.2105310,0.1326812
1,6652.0,0.0,00:38:54.0,00:01:32.8,5.39,00:00:00.0,0.00,36.5,798,8.9,0.0,---,---,---,---,---,---,---,---,---,---,52.2105146,0.1328084
1,6661.3,0.0,00:38:55.8,00:01:33.8,5.33,00:00:00.0,0.00,33.0,799,9.3,0.0,---,---,---,---,---,---,---,---,---,---,52.2104979,0.1329417
1,6671.2,0.0,00:38:57.6,00:01:32.9,5.38,00:00:00.0,0.00,36.5,800,9.9,0.0,---,---,---,---,---,---,---,---,---,---,52.2104865,0.1330861
1,6680.1,0.0,00:38:59.2,00:01:31.2,5.48,00:00:00.0,0.00,35.0,801,8.9,0.0,---,---,---,---,---,---,---,---,---,---,52.2104806,0.1332158
1,6689.9,0.0,00:39:01.0,00:01:30.7,5.51,00:00:00.0,0.00,35.0,802,9.8,0.0,---,---,---,---,---,---,---,---,---,---,52.2104759,0.1333585
1,6698.0,0.0,00:39:02.7,00:01:32.4,5.41,00:00:00.0,0.00,35.0,803,8.1,0.0,---,---,---,---,---,---,---,---,---,---,52.2104748,0.1334778
1,6707.4,0.0,00:39:04.2,00:01:30.7,5.51,00:00:00.0,0.00,35.0,804,9.4,0.0,---,---,---,---,---,---,---,---,---,---,52.2104672,0.1336154
1,6716.9,0.0,00:39:06.0,00:01:30.6,5.52,00:00:00.0,0.00,35.0,805,9.5,0.0,---,---,---,---,---,---,---,---,---,---,52.2104631,0.1337550
1,6725.8,0.0,00:39:07.6,00:01:32.2,5.42,00:00:00.0,0.00,36.5,806,8.9,0.0,---,---,---,---,---,---,---,---,---,---,52.2104619,0.1338852
1,6735.6,0.0,00:39:09.4,00:01:32.4,5.41,00:00:00.0,0.00,35.0,807,9.8,0.0,---,---,---,---,---,---,---,---,---,---,52.2104646,0.1340282
1,6745.2,0.0,00:39:11.2,00:01:32.1,5.43,00:00:00.0,0.00,35.0,808,9.6,0.0,---,---,---,---,---,---,---,---,---,---,52.2104684,0.1341693
1,6753.7,0.0,00:39:12.8,00:01:33.3,5.36,00:00:00.0,0.00,35.0,809,8.5,0.0,---,---,---,---,---,---,---,---,---,---,52.2104691,0.1342935
1,6761.5,0.0,00:39:14.7,00:01:36.2,5.20,00:00:00.0,0.00,35.0,810,7.7,0.0,---,---,---,---,---,---,---,---,---,---,52.2104556,0.1344065
1,6771.3,0.0,00:39:16.2,00:01:35.8,5.22,00:00:00.0,0.00,35.0,811,9.8,0.0,---,---,---,---,---,---,---,---,---,---,52.2104660,0.1345496
1,6780.9,0.0,00:39:18.0,00:01:33.6,5.34,00:00:00.0,0.00,35.0,812,9.6,0.0,---,---,---,---,---,---,---,---,---,---,52.2104730,0.1346899
1,6789.4,0.0,00:39:19.6,00:01:33.1,5.37,00:00:00.0,0.00,35.0,813,8.5,0.0,---,---,---,---,---,---,---,---,---,---,52.2104779,0.1348148
1,6798.8,0.0,00:39:21.4,00:01:34.3,5.30,00:00:00.0,0.00,35.0,814,9.4,0.0,---,---,---,---,---,---,---,---,---,---,52.2104875,0.1349516
1,6808.2,0.0,00:39:23.2,00:01:35.8,5.22,00:00:00.0,0.00,35.0,815,9.4,0.0,---,---,---,---,---,---,---,---,---,---,52.2105063,0.1350851
1,6816.5,0.0,00:39:24.8,00:01:37.3,5.14,00:00:00.0,0.00,35.0,816,8.3,0.0,---,---,---,---,---,---,---,---,---,---,52.2105251,0.1352034
1,6824.9,0.0,00:39:26.7,00:01:37.7,5.12,00:00:00.0,0.00,35.0,817,8.4,0.0,---,---,---,---,---,---,---,---,---,---,52.2105450,0.1353220
1,6834.3,0.0,00:39:28.2,00:01:35.4,5.24,00:00:00.0,0.00,35.0,818,9.4,0.0,---,---,---,---,---,---,---,---,---,---,52.2105729,0.1354519
1,6842.7,0.0,00:39:29.9,00:01:35.6,5.23,00:00:00.0,0.00,35.0,819,8.4,0.0,---,---,---,---,---,---,---,---,---,---,52.2105988,0.1355679
1,6851.9,0.0,00:39:31.7,00:01:36.3,5.19,00:00:00.0,0.00,35.0,820,9.1,0.0,---,---,---,---,---,---,---,---,---,---,52.2106295,0.1356925
1,6861.2,0.0,00:39:33.4,00:01:36.9,5.16,00:00:00.0,0.00,35.0,821,9.3,0.0,---,---,---,---,---,---,---,---,---,---,52.2106653,0.1358158
1,6869.6,0.0,00:39:35.0,00:01:37.3,5.14,00:00:00.0,0.00,35.0,822,8.5,0.0,---,---,---,---,---,---,---,---,---,---,52.2107012,0.1359254
1,6878.8,0.0,00:39:36.8,00:01:37.8,5.11,00:00:00.0,0.00,35.0,823,9.2,0.0,---,---,---,---,---,---,---,---,---,---,52.2107446,0.1360403
1,6887.2,0.0,00:39:38.7,00:01:38.2,5.09,00:00:00.0,0.00,35.0,824,8.4,0.0,---,---,---,---,---,---,---,---,---,---,52.2107843,0.1361447
1,6896.3,0.0,00:39:40.2,00:01:36.2,5.20,00:00:00.0,0.00,35.0,825,9.1,0.0,---,---,---,---,---,---,---,---,---,---,52.2108312,0.1362542
1,6904.6,0.0,00:39:41.9,00:01:36.5,5.18,00:00:00.0,0.00,35.0,826,8.2,0.0,---,---,---,---,---,---,---,---,---,---,52.2108734,0.1363533
1,6913.7,0.0,00:39:43.6,00:01:37.3,5.14,00:00:00.0,0.00,35.0,827,9.1,0.0,---,---,---,---,---,---,---,---,---,---,52.2109161,0.1364670
1,6922.8,0.0,00:39:45.4,00:01:37.8,5.11,00:00:00.0,0.00,35.0,828,9.2,0.0,---,---,---,---,---,---,---,---,---,---,52.2109559,0.1365844
1,6930.5,0.0,00:39:47.2,00:01:42.0,4.90,00:00:00.0,0.00,35.0,829,7.7,0.0,---,---,---,---,---,---,---,---,---,---,52.2109887,0.1366833
1,6939.4,0.0,00:39:48.8,00:01:47.1,4.67,00:00:00.0,0.00,35.0,830,8.9,0.0,---,---,---,---,---,---,---,---,---,---,52.2110285,0.1367969
1,6946.0,0.0,00:39:50.7,00:01:44.4,4.79,00:00:00.0,0.00,33.0,831,6.5,0.0,---,---,---,---,---,---,---,---,---,---,52.2110323,0.1368941
1,6955.5,0.0,00:39:52.4,00:01:47.1,4.67,00:00:00.0,0.00,35.0,832,9.5,0.0,---,---,---,---,---,---,---,---,---,---,52.2110840,0.1370115
1,6963.9,0.0,00:39:54.0,00:01:48.2,4.62,00:00:00.0,0.00,35.0,833,8.5,0.0,---,---,---,---,---,---,---,---,---,---,52.2111085,0.1371306
1,6973.3,0.0,00:39:55.8,00:01:40.6,4.97,00:00:00.0,0.00,35.0,834,9.4,0.0,---,---,---,---,---,---,---,---,---,---,52.2111372,0.1372595
1,6982.5,0.0,00:39:57.6,00:01:39.6,5.02,00:00:00.0,0.00,33.0,835,9.2,0.0,---,---,---,---,---,---,---,---,---,---,52.2111620,0.1373883
1,6990.9,0.0,00:39:59.2,00:01:40.0,5.00,00:00:00.0,0.00,36.5,836,8.3,0.0,---,---,---,---,---,---,---,---,---,---,52.2111815,0.1375068
1,7000.1,0.0,00:40:01.0,00:01:40.0,5.00,00:00:00.0,0.00,33.0,837,9.2,0.0,---,---,---,---,---,---,---,---,---,---,52.2111964,0.1376396
1,7008.2,0.0,00:40:02.8,00:01:39.2,5.04,00:00:00.0,0.00,33.5,838,8.1,0.0,---,---,---,---,---,---,---,---,---,---,52.2112018,0.1377582
1,7017.3,0.0,00:40:04.4,00:01:39.0,5.05,00:00:00.0,0.00,36.5,839,9.1,0.0,---,---,---,---,---,---,---,---,---,---,52.2112061,0.1378914
1,7026.4,0.0,00:40:06.2,00:01:39.8,5.01,00:00:00.0,0.00,33.5,840,9.1,0.0,---,---,---,---,---,---,---,---,---,---,52.2112119,0.1380248
1,7035.3,0.0,00:40:08.0,00:01:38.8,5.06,00:00:00.0,0.00,35.0,841,8.9,0.0,---,---,---,---,---,---,---,---,---,---,52.2112111,0.1381550
1,7043.8,0.0,00:40:09.6,00:01:39.6,5.02,00:00:00.0,0.00,33.5,842,8.5,0.0,---,---,---,---,---,---,---,---,---,---,52.2112086,0.1382795
1,7053.0,0.0,00:40:11.7,00:01:39.0,5.05,00:00:00.0,0.00,35.0,843,9.2,0.0,---,---,---,---,---,---,---,---,---,---,52.2112045,0.1384139
1,7062.2,0.0,00:40:13.2,00:01:36.9,5.16,00:00:00.0,0.00,35.0,844,9.2,0.0,---,---,---,---,---,---,---,---,---,---,52.2111995,0.1385483
1,7070.5,0.0,00:40:14.9,00:01:37.8,5.11,00:00:00.0,0.00,33.5,845,8.4,0.0,---,---,---,---,---,---,---,---,---,---,52.2111902,0.1386701
1,7079.8,0.0,00:40:16.6,00:01:37.5,5.13,00:00:00.0,0.00,35.0,846,9.2,0.0,---,---,---,---,---,---,---,---,---,---,52.2111829,0.1388048
1,7088.7,0.0,00:40:18.4,00:01:37.3,5.14,00:00:00.0,0.00,33.0,847,9.0,0.0,---,---,---,---,---,---,---,---,---,---,52.2111775,0.1389360
1,7097.7,0.0,00:40:20.2,00:01:39.4,5.03,00:00:00.0,0.00,35.0,848,9.0,0.0,---,---,---,---,---,---,---,---,---,---,52.2111793,0.1390675
1,7106.6,0.0,00:40:22.0,00:01:40.8,4.96,00:00:00.0,0.00,33.0,849,8.9,0.0,---,---,---,---,---,---,---,---,---,---,52.2111867,0.1391970
1,7113.8,0.0,00:40:23.7,00:01:40.6,4.97,00:00:00.0,0.00,33.5,850,7.3,0.0,---,---,---,---,---,---,---,---,---,---,52.2111971,0.1393023
1,7123.7,0.0,00:40:25.4,00:01:38.6,5.07,00:00:00.0,0.00,35.0,851,9.9,0.0,---,---,---,---,---,---,---,---,---,---,52.2112160,0.1394441
1,7132.8,0.0,00:40:27.2,00:01:38.8,5.06,00:00:00.0,0.00,33.5,852,9.1,0.0,---,---,---,---,---,---,---,---,---,---,52.2112327,0.1395746
1,7142.0,0.0,00:40:29.0,00:01:40.2,4.99,00:00:00.0,0.00,35.0,853,9.1,0.0,---,---,---,---,---,---,---,---,---,---,52.2112556,0.1397031
1,7151.1,0.0,00:40:30.9,00:01:40.4,4.98,00:00:00.0,0.00,32.0,854,9.2,0.0,---,---,---,---,---,---,---,---,---,---,52.2112807,0.1398313
1,7159.4,0.0,00:40:32.7,00:01:39.8,5.01,00:00:00.0,0.00,35.0,855,8.2,0.0,---,---,---,---,---,---,---,---,---,---,52.2113043,0.1399457
1,7168.3,0.0,00:40:34.2,00:01:38.8,5.06,00:00:00.0,0.00,35.0,856,8.9,0.0,---,---,---,---,---,---,---,---,---,---,52.2113357,0.1400664
1,7177.2,0.0,00:40:36.0,00:01:39.6,5.02,00:00:00.0,0.00,35.0,857,8.9,0.0,---,---,---,---,---,---,---,---,---,---,52.2113675,0.1401865
1,7186.4,0.0,00:40:37.8,00:01:39.6,5.02,00:00:00.0,0.00,33.0,858,9.2,0.0,---,---,---,---,---,---,---,---,---,---,52.2114005,0.1403095
1,7195.4,0.0,00:40:39.6,00:01:39.2,5.04,00:00:00.0,0.00,33.5,859,9.0,0.0,---,---,---,---,---,---,---,---,---,---,52.2114319,0.1404314
1,7203.5,0.0,00:40:41.2,00:01:40.0,5.00,00:00:00.0,0.00,35.0,860,8.2,0.0,---,---,---,---,---,---,---,---,---,---,52.2114629,0.1405390
1,7212.5,0.0,00:40:43.0,00:01:39.6,5.02,00:00:00.0,0.00,33.5,861,9.0,0.0,---,---,---,---,---,---,---,---,---,---,52.2115004,0.1406552
1,7220.7,0.0,00:40:44.8,00:01:39.4,5.03,00:00:00.0,0.00,33.0,862,8.2,0.0,---,---,---,---,---,---,---,---,---,---,52.2115374,0.1407588
1,7230.4,0.0,00:40:46.6,00:01:38.8,5.06,00:00:00.0,0.00,35.0,863,9.7,0.0,---,---,---,---,---,---,---,---,---,---,52.2115858,0.1408776
1,7238.4,0.0,00:40:48.2,00:01:39.8,5.01,00:00:00.0,0.00,35.0,864,8.0,0.0,---,---,---,---,---,---,---,---,---,---,52.2116260,0.1409745
1,7247.0,0.0,00:40:50.1,00:01:42.5,4.88,00:00:00.0,0.00,33.5,865,8.7,0.0,---,---,---,---,---,---,---,---,---,---,52.2116705,0.1410783
1,7256.1,0.0,00:40:51.8,00:01:43.1,4.85,00:00:00.0,0.00,33.0,866,9.1,0.0,---,---,---,---,---,---,---,---,---,---,52.2117216,0.1411831
1,7263.9,0.0,00:40:53.7,00:01:44.8,4.77,00:00:00.0,0.00,36.5,867,7.7,0.0,---,---,---,---,---,---,---,---,---,---,52.2117594,0.1412778
1,7273.3,0.0,00:40:55.4,00:01:43.7,4.82,00:00:00.0,0.00,33.0,868,9.4,0.0,---,---,---,---,---,---,---,---,---,---,52.2118122,0.1413865
1,7282.5,0.0,00:40:57.2,00:01:42.2,4.89,00:00:00.0,0.00,33.5,869,9.2,0.0,---,---,---,---,---,---,---,---,---,---,52.2118716,0.1414802
1,7290.7,0.0,00:40:58.8,00:01:42.2,4.89,00:00:00.0,0.00,33.0,870,8.2,0.0,---,---,---,---,---,---,---,---,---,---,52.2119260,0.1415616
1,7299.6,0.0,00:41:00.6,00:01:43.5,4.83,00:00:00.0,0.00,35.0,871,8.9,0.0,---,---,---,---,---,---,---,---,---,---,52.2119838,0.1416521
1,7308.7,0.0,00:41:02.7,00:01:42.9,4.86,00:00:00.0,0.00,33.0,872,9.1,0.0,---,---,---,---,---,---,---,---,---,---,52.2120455,0.1417394
1,7317.6,0.0,00:41:04.2,00:01:40.0,5.00,00:00:00.0,0.00,35.0,873,8.9,0.0,---,---,---,---,---,---,---,---,---,---,52.2121074,0.1418230
1,7325.8,0.0,00:41:05.9,00:01:41.4,4.93,00:00:00.0,0.00,33.0,874,8.2,0.0,---,---,---,---,---,---,---,---,---,---,52.2121651,0.1418974
1,7334.9,0.0,00:41:07.6,00:01:41.0,4.95,00:00:00.0,0.00,35.0,875,9.1,0.0,---,---,---,---,---,---,---,---,---,---,52.2122293,0.1419798
1,7344.2,0.0,00:41:09.5,00:01:39.6,5.02,00:00:00.0,0.00,33.0,876,9.3,0.0,---,---,---,---,---,---,---,---,---,---,52.2122969,0.1420596
1,7353.3,0.0,00:41:11.2,00:01:40.4,4.98,00:00:00.0,0.00,35.0,877,9.1,0.0,---,---,---,---,---,---,---,---,---,---,52.2123644,0.1421359
1,7362.9,0.0,00:41:13.0,00:01:40.0,5.00,00:00:00.0,0.00,33.0,878,9.6,0.0,---,---,---,---,---,---,---,---,---,---,52.2124387,0.1422077
1,7370.7,0.0,00:41:14.7,00:01:37.8,5.11,00:00:00.0,0.00,35.0,879,7.7,0.0,---,---,---,---,---,---,---,---,---,---,52.2125033,0.1422497
1,7380.8,0.0,00:41:16.5,00:01:35.1,5.26,00:00:00.0,0.00,33.0,880,10.1,0.0,---,---,---,---,---,---,---,---,---,---,52.2125865,0.1423100
1,7390.4,0.0,00:41:18.2,00:01:38.0,5.10,00:00:00.0,0.00,33.5,881,9.6,0.0,---,---,---,---,---,---,---,---,---,---,52.2126668,0.1423591
1,7399.2,0.0,00:41:20.0,00:01:38.8,5.06,00:00:00.0,0.00,35.0,882,8.8,0.0,---,---,---,---,---,---,---,---,---,---,52.2127390,0.1424136
1,7408.3,0.0,00:41:21.8,00:01:40.2,4.99,00:00:00.0,0.00,33.5,883,9.1,0.0,---,---,---,---,---,---,---,---,---,---,52.2128163,0.1424568
1,7416.1,0.0,00:41:23.7,00:01:43.9,4.81,00:00:00.0,0.00,33.0,884,7.8,0.0,---,---,---,---,---,---,---,---,---,---,52.2128795,0.1425086
1,7426.3,0.0,00:41:25.4,00:01:40.2,4.99,00:00:00.0,0.00,33.5,885,10.2,0.0,---,---,---,---,---,---,---,---,---,---,52.2129641,0.1425640
1,7435.1,0.0,00:41:27.0,00:01:39.4,5.03,00:00:00.0,0.00,35.0,886,8.8,0.0,---,---,---,---,---,---,---,---,---,---,52.2130376,0.1426100
1,7444.3,0.0,00:41:28.9,00:01:36.7,5.17,00:00:00.0,0.00,33.5,887,9.3,0.0,---,---,---,---,---,---,---,---,---,---,52.2131152,0.1426600
1,7453.5,0.0,00:41:30.6,00:01:34.9,5.27,00:00:00.0,0.00,33.0,888,9.2,0.0,---,---,---,---,---,---,---,---,---,---,52.2131916,0.1427117
1,7462.5,0.0,00:41:32.7,00:01:37.5,5.13,00:00:00.0,0.00,35.0,889,8.9,0.0,---,---,---,---,---,---,---,---,---,---,52.2132666,0.1427581
1,7471.7,0.0,00:41:34.2,00:01:37.8,5.11,00:00:00.0,0.00,33.5,890,9.2,0.0,---,---,---,---,---,---,---,---,---,---,52.2133433,0.1428082
1,7480.3,0.0,00:41:36.1,00:01:38.4,5.08,00:00:00.0,0.00,33.5,891,8.6,0.0,---,---,---,---,---,---,---,---,---,---,52.2134133,0.1428634
1,7489.2,0.0,00:41:37.8,00:01:41.2,4.94,00:00:00.0,0.00,33.0,892,8.9,0.0,---,---,---,---,---,---,---,---,---,---,52.2134871,0.1429119
1,7498.6,0.0,00:41:39.6,00:01:43.3,4.84,00:00:00.0,0.00,33.5,893,9.5,0.0,---,---,---,---,---,---,---,---,---,---,52.2135656,0.1429656
1,7505.3,0.0,00:41:41.2,00:01:40.0,5.00,00:00:00.0,0.00,33.0,894,6.7,0.0,---,---,---,---,---,---,---,---,---,---,52.2136191,0.1430100
1,7511.9,0.0,00:41:43.0,00:01:50.4,4.53,00:00:00.0,0.00,35.0,895,6.6,0.0,---,---,---,---,---,---,---,---,---,---,52.2136710,0.1430574
1,7522.0,0.0,00:41:44.8,00:01:56.0,4.31,00:00:00.0,0.00,33.0,896,10.1,0.0,---,---,---,---,---,---,---,---,---,---,52.2137541,0.1431165
1,7532.1,0.0,00:41:46.6,00:01:40.6,4.97,00:00:00.0,0.00,33.5,897,10.1,0.0,---,---,---,---,---,---,---,---,---,---,52.2138328,0.1431893
1,7541.4,0.0,00:41:48.5,00:01:37.8,5.11,00:00:00.0,0.00,33.0,898,9.3,0.0,---,---,---,---,---,---,---,---,---,---,52.2139036,0.1432611
1,7550.6,0.0,00:41:50.2,00:01:39.6,5.02,00:00:00.0,0.00,35.0,899,9.2,0.0,---,---,---,---,---,---,---,---,---,---,52.2139752,0.1433288
1,7559.9,0.0,00:41:52.0,00:01:39.2,5.04,00:00:00.0,0.00,33.5,900,9.3,0.0,---,---,---,---,---,---,---,---,---,---,52.2140473,0.1433988
1,7567.1,0.0,00:41:53.7,00:01:39.2,5.04,00:00:00.0,0.00,33.5,901,7.3,0.0,---,---,---,---,---,---,---,---,---,---,52.2141009,0.1434589
1,7576.4,0.0,00:41:55.5,00:01:41.6,4.92,00:00:00.0,0.00,33.0,902,9.3,0.0,---,---,---,---,---,---,---,---,---,---,52.2141706,0.1435336
1,7585.3,0.0,00:41:57.2,00:01:42.7,4.87,00:00:00.0,0.00,33.5,903,8.8,0.0,---,---,---,---,---,---,---,---,---,---,52.2142357,0.1436075
1,7594.9,0.0,00:41:59.2,00:01:42.0,4.90,00:00:00.0,0.00,33.0,904,9.6,0.0,---,---,---,---,---,---,---,---,---,---,52.2143057,0.1436894
1,7603.0,0.0,00:42:00.8,00:01:43.5,4.83,00:00:00.0,0.00,35.0,905,8.0,0.0,---,---,---,---,---,---,---,---,---,---,52.2143648,0.1437591
1,7611.3,0.0,00:42:02.7,00:01:43.7,4.82,00:00:00.0,0.00,33.0,906,8.3,0.0,---,---,---,---,---,---,---,---,---,---,52.2144254,0.1438303
1,7620.9,0.0,00:42:04.4,00:01:39.4,5.03,00:00:00.0,0.00,33.5,907,9.6,0.0,---,---,---,---,---,---,---,---,---,---,52.2144932,0.1439179
1,7629.9,0.0,00:42:06.2,00:01:39.2,5.04,00:00:00.0,0.00,35.0,908,9.0,0.0,---,---,---,---,---,---,---,---,---,---,52.2145558,0.1440014
1,7639.0,0.0,00:42:08.1,00:01:41.6,4.92,00:00:00.0,0.00,33.0,909,9.1,0.0,---,---,---,---,---,---,---,---,---,---,52.2146199,0.1440842
1,7648.2,0.0,00:42:09.8,00:01:40.4,4.98,00:00:00.0,0.00,32.0,910,9.2,0.0,---,---,---,---,---,---,---,---,---,---,52.2146825,0.1441715
1,7656.7,0.0,00:42:11.7,00:01:39.4,5.03,00:00:00.0,0.00,35.0,911,8.5,0.0,---,---,---,---,---,---,---,---,---,---,52.2147411,0.1442516
1,7666.3,0.0,00:42:13.4,00:01:38.2,5.09,00:00:00.0,0.00,33.5,912,9.6,0.0,---,---,---,---,---,---,---,---,---,---,52.2148032,0.1443488
1,7674.8,0.0,00:42:15.1,00:01:39.2,5.04,00:00:00.0,0.00,33.5,913,8.5,0.0,---,---,---,---,---,---,---,---,---,---,52.2148614,0.1444295
1,7684.1,0.0,00:42:16.8,00:01:41.0,4.95,00:00:00.0,0.00,35.0,914,9.3,0.0,---,---,---,---,---,---,---,---,---,---,52.2149245,0.1445186
1,7694.0,0.0,00:42:18.8,00:01:40.0,5.00,00:00:00.0,0.00,33.0,915,10.0,0.0,---,---,---,---,---,---,---,---,---,---,52.2149929,0.1446129
1,7701.9,0.0,00:42:20.7,00:01:41.0,4.95,00:00:00.0,0.00,33.5,916,7.9,0.0,---,---,---,---,---,---,---,---,---,---,52.2150483,0.1446838
1,7710.8,0.0,00:42:22.2,00:01:41.6,4.92,00:00:00.0,0.00,33.0,917,8.9,0.0,---,---,---,---,---,---,---,---,---,---,52.2151137,0.1447586
1,7719.7,0.0,00:42:24.0,00:01:41.0,4.95,00:00:00.0,0.00,33.5,918,9.0,0.0,---,---,---,---,---,---,---,---,---,---,52.2151817,0.1448291
1,7728.7,0.0,00:42:25.8,00:01:41.8,4.91,00:00:00.0,0.00,35.0,919,8.9,0.0,---,---,---,---,---,---,---,---,---,---,52.2152503,0.1448974
1,7737.8,0.0,00:42:27.7,00:01:41.0,4.95,00:00:00.0,0.00,33.5,920,9.1,0.0,---,---,---,---,---,---,---,---,---,---,52.2153211,0.1449640
1,7747.4,0.0,00:42:29.7,00:01:41.0,4.95,00:00:00.0,0.00,32.0,921,9.7,0.0,---,---,---,---,---,---,---,---,---,---,52.2154008,0.1450204
1,7755.9,0.0,00:42:31.2,00:01:37.1,5.15,00:00:00.0,0.00,35.0,922,8.4,0.0,---,---,---,---,---,---,---,---,---,---,52.2154693,0.1450727
1,7764.8,0.0,00:42:32.9,00:01:37.7,5.12,00:00:00.0,0.00,33.0,923,8.9,0.0,---,---,---,---,---,---,---,---,---,---,52.2155465,0.1451094
1,7773.3,0.0,00:42:34.7,00:01:40.8,4.96,00:00:00.0,0.00,33.5,924,8.5,0.0,---,---,---,---,---,---,---,---,---,---,52.2156183,0.1451532
1,7782.3,0.0,00:42:36.4,00:01:41.0,4.95,00:00:00.0,0.00,33.0,925,9.0,0.0,---,---,---,---,---,---,---,---,---,---,52.2156969,0.1451858
1,7791.5,0.0,00:42:38.2,00:01:42.2,4.89,00:00:00.0,0.00,35.0,926,9.2,0.0,---,---,---,---,---,---,---,---,---,---,52.2157762,0.1452224
1,7800.2,0.0,00:42:40.0,00:01:40.0,5.00,00:00:00.0,0.00,33.0,927,8.7,0.0,---,---,---,---,---,---,---,---,---,---,52.2158526,0.1452495
1,7808.2,0.0,00:42:41.8,00:01:39.0,5.05,00:00:00.0,0.00,33.5,928,8.0,0.0,---,---,---,---,---,---,---,---,---,---,52.2159226,0.1452746
1,7817.2,0.0,00:42:43.6,00:01:39.2,5.04,00:00:00.0,0.00,35.0,929,9.0,0.0,---,---,---,---,---,---,---,---,---,---,52.2160015,0.1453062
1,7826.2,0.0,00:42:45.4,00:01:42.5,4.88,00:00:00.0,0.00,33.5,930,9.0,0.0,---,---,---,---,---,---,---,---,---,---,52.2160808,0.1453292
1,7834.2,0.0,00:42:47.1,00:01:43.1,4.85,00:00:00.0,0.00,33.0,931,7.9,0.0,---,---,---,---,---,---,---,---,---,---,52.2161510,0.1453509
1,7842.8,0.0,00:42:48.8,00:01:40.8,4.96,00:00:00.0,0.00,33.5,932,8.7,0.0,---,---,---,---,---,---,---,---,---,---,52.2162276,0.1453734
1,7850.4,0.0,00:42:50.7,00:01:42.5,4.88,00:00:00.0,0.00,35.0,933,7.6,0.0,---,---,---,---,---,---,---,---,---,---,52.2162943,0.1453953
1,7859.9,0.0,00:42:52.4,00:01:45.3,4.75,00:00:00.0,0.00,33.5,934,9.5,0.0,---,---,---,---,---,---,---,---,---,---,52.2163781,0.1454220
1,7868.0,0.0,00:42:54.3,00:01:48.2,4.62,00:00:00.0,0.00,35.0,935,8.1,0.0,---,---,---,---,---,---,---,---,---,---,52.2164492,0.1454473
1,7876.2,0.0,00:42:56.0,00:01:49.6,4.56,00:00:00.0,0.00,32.0,936,8.2,0.0,---,---,---,---,---,---,---,---,---,---,52.2165208,0.1454729
1,7884.3,0.0,00:42:57.8,00:01:48.7,4.60,00:00:00.0,0.00,35.0,937,8.2,0.0,---,---,---,---,---,---,---,---,---,---,52.2165925,0.1454971
1,7893.0,0.0,00:42:59.7,00:01:46.6,4.69,00:00:00.0,0.00,33.5,938,8.6,0.0,---,---,---,---,---,---,---,---,---,---,52.2166693,0.1455192
1,7902.3,0.0,00:43:01.2,00:01:38.8,5.06,00:00:00.0,0.00,33.0,939,9.3,0.0,---,---,---,---,---,---,---,---,---,---,52.2167521,0.1455409
1,7910.9,0.0,00:43:03.1,00:01:37.3,5.14,00:00:00.0,0.00,33.5,940,8.6,0.0,---,---,---,---,---,---,---,---,---,---,52.2168271,0.1455687
1,7918.9,0.0,00:43:04.8,00:01:44.2,4.80,00:00:00.0,0.00,33.0,941,8.0,0.0,---,---,---,---,---,---,---,---,---,---,52.2168961,0.1456007
1,7927.8,0.0,00:43:06.7,00:01:49.9,4.55,00:00:00.0,0.00,33.5,942,8.8,0.0,---,---,---,---,---,---,---,---,---,---,52.2169728,0.1456350
1,7937.3,0.0,00:43:08.7,00:01:49.6,4.56,00:00:00.0,0.00,35.0,943,9.5,0.0,---,---,---,---,---,---,---,---,---,---,52.2170554,0.1456714
1,7945.8,0.0,00:43:10.2,00:01:43.3,4.84,00:00:00.0,0.00,33.5,944,8.5,0.0,---,---,---,---,---,---,---,---,---,---,52.2171291,0.1457053
1,7954.6,0.0,00:43:12.1,00:01:42.5,4.88,00:00:00.0,0.00,33.0,945,8.8,0.0,---,---,---,---,---,---,---,---,---,---,52.2172010,0.1457584
1,7963.5,0.0,00:43:13.9,00:01:43.9,4.81,00:00:00.0,0.00,33.5,946,8.9,0.0,---,---,---,---,---,---,---,---,---,---,52.2172705,0.1458222
1,7971.9,0.0,00:43:15.6,00:01:44.2,4.80,00:00:00.0,0.00,33.0,947,8.4,0.0,---,---,---,---,---,---,---,---,---,---,52.2173358,0.1458842
1,7977.6,0.0,00:43:17.7,00:01:56.0,4.31,00:00:00.0,0.00,32.0,948,5.7,0.0,---,---,---,---,---,---,---,---,---,---,52.2173755,0.1459371
1,7984.8,0.0,00:43:19.3,00:02:22.9,3.50,00:00:00.0,0.00,33.0,949,7.3,0.0,---,---,---,---,---,---,---,---,---,---,52.2174135,0.1460238
1,7993.4,0.0,00:43:21.1,00:02:12.6,3.77,00:00:00.0,0.00,32.0,950,8.5,0.0,---,---,---,---,---,---,---,---,---,---,52.2174646,0.1461172
1,8002.0,0.0,00:43:22.9,00:01:50.6,4.52,00:00:00.0,0.00,36.5,951,8.6,0.0,---,---,---,---,---,---,---,---,---,---,52.2175129,0.1462161
1,8010.5,0.0,00:43:24.7,00:01:48.7,4.60,00:00:00.0,0.00,32.0,952,8.5,0.0,---,---,---,---,---,---,---,---,---,---,52.2175545,0.1463211
1,8019.3,0.0,00:43:26.7,00:01:47.8,4.64,00:00:00.0,0.00,32.0,953,8.7,0.0,---,---,---,---,---,---,---,---,---,---,52.2175930,0.1464329
1,8027.8,0.0,00:43:28.2,00:01:44.8,4.77,00:00:00.0,0.00,33.5,954,8.6,0.0,---,---,---,---,---,---,---,---,---,---,52.2176219,0.1465493
1,8036.7,0.0,00:43:30.1,00:01:44.6,4.78,00:00:00.0,0.00,35.0,955,8.9,0.0,---,---,---,---,---,---,---,---,---,---,52.2176532,0.1466685
1,8045.4,0.0,00:43:31.9,00:01:43.7,4.82,00:00:00.0,0.00,35.0,956,8.8,0.0,---,---,---,---,---,---,---,---,---,---,52.2176789,0.1467901
1,8054.2,0.0,00:43:33.7,00:01:43.1,4.85,00:00:00.0,0.00,33.0,957,8.8,0.0,---,---,---,---,---,---,---,---,---,---,52.2177047,0.1469119
1,8062.1,0.0,00:43:35.2,00:01:43.5,4.83,00:00:00.0,0.00,33.5,958,7.9,0.0,---,---,---,---,---,---,---,---,---,---,52.2177272,0.1470222
1,8070.9,0.0,00:43:37.1,00:01:43.5,4.83,00:00:00.0,0.00,35.0,959,8.8,0.0,---,---,---,---,---,---,---,---,---,---,52.2177517,0.1471442
1,8078.9,0.0,00:43:38.8,00:01:43.7,4.82,00:00:00.0,0.00,35.0,960,8.0,0.0,---,---,---,---,---,---,---,---,---,---,52.2177751,0.1472555
1,8088.5,0.0,00:43:40.7,00:01:41.6,4.92,00:00:00.0,0.00,30.5,961,9.5,0.0,---,---,---,---,---,---,---,---,---,---,52.2178037,0.1473874
1,8097.3,0.0,00:43:42.4,00:01:41.6,4.92,00:00:00.0,0.00,33.5,962,8.9,0.0,---,---,---,---,---,---,---,---,---,---,52.2178317,0.1475091
1,8106.1,0.0,00:43:44.3,00:01:43.5,4.83,00:00:00.0,0.00,36.5,963,8.8,0.0,---,---,---,---,---,---,---,---,---,---,52.2178555,0.1476320
1,8115.0,0.0,00:43:46.1,00:01:43.7,4.82,00:00:00.0,0.00,33.0,964,8.9,0.0,---,---,---,---,---,---,---,---,---,---,52.2178799,0.1477560
1,8123.2,0.0,00:43:47.8,00:01:42.0,4.90,00:00:00.0,0.00,30.5,965,8.3,0.0,---,---,---,---,---,---,---,---,---,---,52.2179062,0.1478690
1,8132.1,0.0,00:43:49.5,00:01:39.6,5.02,00:00:00.0,0.00,36.5,966,8.9,0.0,---,---,---,---,---,---,---,---,---,---,52.2179330,0.1479912
1,8141.0,0.0,00:43:51.3,00:01:40.6,4.97,00:00:00.0,0.00,33.0,967,8.9,0.0,---,---,---,---,---,---,---,---,---,---,52.2179602,0.1481133
1,8149.8,0.0,00:43:53.1,00:01:42.5,4.88,00:00:00.0,0.00,35.0,968,8.9,0.0,---,---,---,---,---,---,---,---,---,---,52.2179871,0.1482354
1,8158.4,0.0,00:43:54.9,00:01:43.3,4.84,00:00:00.0,0.00,33.5,969,8.6,0.0,---,---,---,---,---,---,---,---,---,---,52.2180119,0.1483552
1,8166.5,0.0,00:43:56.7,00:01:43.3,4.84,00:00:00.0,0.00,33.0,970,8.0,0.0,---,---,---,---,---,---,---,---,---,---,52.2180380,0.1484649
1,8176.1,0.0,00:43:58.5,00:01:40.8,4.96,00:00:00.0,0.00,33.5,971,9.6,0.0,---,---,---,---,---,---,---,---,---,---,52.2180708,0.1485956
1,8184.9,0.0,00:44:00.3,00:01:40.8,4.96,00:00:00.0,0.00,33.0,972,8.8,0.0,---,---,---,---,---,---,---,---,---,---,52.2181015,0.1487150
1,8193.8,0.0,00:44:02.1,00:01:42.5,4.88,00:00:00.0,0.00,33.5,973,8.9,0.0,---,---,---,---,---,---,---,---,---,---,52.2181339,0.1488341
1,8202.6,0.0,00:44:03.9,00:01:43.3,4.84,00:00:00.0,0.00,33.0,974,8.8,0.0,---,---,---,---,---,---,---,---,---,---,52.2181654,0.1489521
1,8210.7,0.0,00:44:05.7,00:01:43.5,4.83,00:00:00.0,0.00,32.0,975,8.2,0.0,---,---,---,---,---,---,---,---,---,---,52.2181981,0.1490592
1,8220.3,0.0,00:44:07.5,00:01:40.8,4.96,00:00:00.0,0.00,33.0,976,9.6,0.0,---,---,---,---,---,---,---,---,---,---,52.2182361,0.1491855
1,8229.1,0.0,00:44:09.3,00:01:41.4,4.93,00:00:00.0,0.00,35.0,977,8.8,0.0,---,---,---,---,---,---,---,---,---,---,52.2182705,0.1493009
1,8237.7,0.0,00:44:11.1,00:01:43.3,4.84,00:00:00.0,0.00,33.0,978,8.6,0.0,---,---,---,---,---,---,---,---,---,---,52.2183005,0.1494180
1,8246.5,0.0,00:44:12.9,00:01:43.9,4.81,00:00:00.0,0.00,33.5,979,8.8,0.0,---,---,---,---,---,---,---,---,---,---,52.2183345,0.1495342
1,8254.3,0.0,00:44:14.7,00:01:43.7,4.82,00:00:00.0,0.00,33.0,980,7.8,0.0,---,---,---,---,---,---,---,---,---,---,52.2183619,0.1496395
1,8263.9,0.0,00:44:16.4,00:01:41.4,4.93,00:00:00.0,0.00,35.0,981,9.6,0.0,---,---,---,---,---,---,---,---,---,---,52.2183995,0.1497663
1,8271.8,0.0,00:44:18.1,00:01:42.2,4.89,00:00:00.0,0.00,33.0,982,7.9,0.0,---,---,---,---,---,---,---,---,---,---,52.2184246,0.1498742
1,8280.5,0.0,00:44:19.9,00:01:43.1,4.85,00:00:00.0,0.00,33.5,983,8.7,0.0,---,---,---,---,---,---,---,---,---,---,52.2184562,0.1499912
1,8289.3,0.0,00:44:21.7,00:01:43.1,4.85,00:00:00.0,0.00,33.0,984,8.8,0.0,---,---,---,---,---,---,---,---,---,---,52.2184866,0.1501093
1,8298.0,0.0,00:44:23.7,00:01:43.7,4.82,00:00:00.0,0.00,35.0,985,8.8,0.0,---,---,---,---,---,---,---,---,---,---,52.2185169,0.1502280
1,8306.9,0.0,00:44:25.3,00:01:41.6,4.92,00:00:00.0,0.00,33.0,986,8.9,0.0,---,---,---,---,---,---,---,---,---,---,52.2185470,0.1503491
1,8315.8,0.0,00:44:27.1,00:01:40.2,4.99,00:00:00.0,0.00,33.5,987,8.9,0.0,---,---,---,---,---,---,---,---,---,---,52.2185760,0.1504699
1,8324.7,0.0,00:44:28.9,00:01:40.0,5.00,00:00:00.0,0.00,32.0,988,8.9,0.0,---,---,---,---,---,---,---,---,---,---,52.2186055,0.1505918
1,8333.6,0.0,00:44:30.7,00:01:40.8,4.96,00:00:00.0,0.00,33.5,989,9.0,0.0,---,---,---,---,---,---,---,---,---,---,52.2186333,0.1507142
1,8341.7,0.0,00:44:32.3,00:01:40.8,4.96,00:00:00.0,0.00,35.0,990,8.1,0.0,---,---,---,---,---,---,---,---,---,---,52.2186542,0.1508277
1,8350.6,0.0,00:44:34.1,00:01:40.4,4.98,00:00:00.0,0.00,33.0,991,8.9,0.0,---,---,---,---,---,---,---,---,---,---,52.2186797,0.1509515
1,8358.8,0.0,00:44:35.8,00:01:40.4,4.98,00:00:00.0,0.00,35.0,992,8.2,0.0,---,---,---,---,---,---,---,---,---,---,52.2187032,0.1510653
1,8368.5,0.0,00:44:37.7,00:01:39.0,5.05,00:00:00.0,0.00,35.0,993,9.7,0.0,---,---,---,---,---,---,---,---,---,---,52.2187303,0.1512003
1,8377.3,0.0,00:44:39.5,00:01:40.2,4.99,00:00:00.0,0.00,33.5,994,8.9,0.0,---,---,---,---,---,---,---,---,---,---,52.2187539,0.1513240
1,8386.2,0.0,00:44:41.3,00:01:42.5,4.88,00:00:00.0,0.00,35.0,995,8.8,0.0,---,---,---,---,---,---,---,---,---,---,52.2187751,0.1514488
1,8394.2,0.0,00:44:42.9,00:01:42.7,4.87,00:00:00.0,0.00,33.5,996,8.0,0.0,---,---,---,---,---,---,---,---,---,---,52.2187951,0.1515621
1,8402.2,0.0,00:44:44.7,00:01:41.4,4.93,00:00:00.0,0.00,32.0,997,7.9,0.0,---,---,---,---,---,---,---,---,---,---,52.2188157,0.1516739
1,8411.6,0.0,00:44:46.5,00:01:39.8,5.01,00:00:00.0,0.00,33.5,998,9.4,0.0,---,---,---,---,---,---,---,---,---,---,52.2188382,0.1518065
1,8420.2,0.0,00:44:48.3,00:01:42.2,4.89,00:00:00.0,0.00,35.0,999,8.7,0.0,---,---,---,---,---,---,---,---,---,---,52.2188596,0.1519291
1,8428.8,0.0,00:44:50.1,00:01:44.8,4.77,00:00:00.0,0.00,33.0,1000,8.6,0.0,---,---,---,---,---,---,---,---,---,---,52.2188794,0.1520505
1,8437.5,0.0,00:44:51.9,00:01:46.6,4.69,00:00:00.0,0.00,35.0,1001,8.7,0.0,---,---,---,---,---,---,---,---,---,---,52.2189028,0.1521723
1,8445.4,0.0,00:44:53.7,00:01:45.7,4.73,00:00:00.0,0.00,32.0,1002,7.9,0.0,---,---,---,---,---,---,---,---,---,---,52.2189257,0.1522820
1,8454.9,0.0,00:44:55.5,00:01:41.8,4.91,00:00:00.0,0.00,33.5,1003,9.5,0.0,---,---,---,---,---,---,---,---,---,---,52.2189577,0.1524103
1,8463.6,0.0,00:44:57.3,00:01:43.1,4.85,00:00:00.0,0.00,35.0,1004,8.8,0.0,---,---,---,---,---,---,---,---,---,---,52.2189903,0.1525274
1,8472.6,0.0,00:44:59.1,00:01:43.5,4.83,00:00:00.0,0.00,32.0,1005,8.9,0.0,---,---,---,---,---,---,---,---,---,---,52.2190271,0.1526437
1,8481.4,0.0,00:45:00.9,00:01:43.5,4.83,00:00:00.0,0.00,35.0,1006,8.8,0.0,---,---,---,---,---,---,---,---,---,---,52.2190632,0.1527584
1,8489.2,0.0,00:45:02.7,00:01:43.9,4.81,00:00:00.0,0.00,33.5,1007,7.9,0.0,---,---,---,---,---,---,---,---,---,---,52.2190930,0.1528629
1,8497.7,0.0,00:45:04.3,00:01:41.6,4.92,00:00:00.0,0.00,33.0,1008,8.5,0.0,---,---,---,---,---,---,---,---,---,---,52.2191270,0.1529742
1,8506.2,0.0,00:45:06.1,00:01:43.1,4.85,00:00:00.0,0.00,35.0,1009,8.5,0.0,---,---,---,---,---,---,---,---,---,---,52.2191624,0.1530852
1,8514.9,0.0,00:45:07.9,00:01:44.6,4.78,00:00:00.0,0.00,33.0,1010,8.6,0.0,---,---,---,---,---,---,---,---,---,---,52.2192009,0.1531950
1,8523.4,0.0,00:45:09.7,00:01:45.3,4.75,00:00:00.0,0.00,33.5,1011,8.5,0.0,---,---,---,---,---,---,---,---,---,---,52.2192383,0.1533037
1,8532.1,0.0,00:45:11.7,00:01:45.3,4.75,00:00:00.0,0.00,33.0,1012,8.7,0.0,---,---,---,---,---,---,---,---,---,---,52.2192778,0.1534143
1,8540.7,0.0,00:45:13.3,00:01:42.9,4.86,00:00:00.0,0.00,35.0,1013,8.6,0.0,---,---,---,---,---,---,---,---,---,---,52.2193161,0.1535242
1,8548.7,0.0,00:45:14.9,00:01:42.7,4.87,00:00:00.0,0.00,32.0,1014,8.0,0.0,---,---,---,---,---,---,---,---,---,---,52.2193539,0.1536243
1,8558.4,0.0,00:45:16.9,00:01:42.0,4.90,00:00:00.0,0.00,35.0,1015,9.6,0.0,---,---,---,---,---,---,---,---,---,---,52.2193975,0.1537459
1,8567.1,0.0,00:45:18.7,00:01:42.2,4.89,00:00:00.0,0.00,33.5,1016,8.7,0.0,---,---,---,---,---,---,---,---,---,---,52.2194349,0.1538586
1,8575.9,0.0,00:45:20.7,00:01:43.3,4.84,00:00:00.0,0.00,33.0,1017,8.8,0.0,---,---,---,---,---,---,---,---,---,---,52.2194702,0.1539737
1,8584.7,0.0,00:45:22.2,00:01:42.5,4.88,00:00:00.0,0.00,33.5,1018,8.8,0.0,---,---,---,---,---,---,---,---,---,---,52.2195085,0.1540871
1,8592.7,0.0,00:45:23.9,00:01:42.5,4.88,00:00:00.0,0.00,33.0,1019,8.0,0.0,---,---,---,---,---,---,---,---,---,---,52.2195454,0.1541884
1,8602.2,0.0,00:45:25.9,00:01:41.8,4.91,00:00:00.0,0.00,33.5,1020,9.5,0.0,---,---,---,---,---,---,---,---,---,---,52.2195850,0.1543119
1,8610.2,0.0,00:45:27.5,00:01:43.3,4.84,00:00:00.0,0.00,35.0,1021,7.9,0.0,---,---,---,---,---,---,---,---,---,---,52.2196181,0.1544150
1,8618.9,0.0,00:45:29.3,00:01:43.9,4.81,00:00:00.0,0.00,33.5,1022,8.7,0.0,---,---,---,---,---,---,---,---,---,---,52.2196540,0.1545287
1,8627.8,0.0,00:45:31.1,00:01:42.7,4.87,00:00:00.0,0.00,32.0,1023,8.8,0.0,---,---,---,---,---,---,---,---,---,---,52.2196909,0.1546434
1,8635.6,0.0,00:45:32.8,00:01:43.3,4.84,00:00:00.0,0.00,35.0,1024,7.9,0.0,---,---,---,---,---,---,---,---,---,---,52.2197203,0.1547483
1,8645.2,0.0,00:45:34.7,00:01:42.2,4.89,00:00:00.0,0.00,32.0,1025,9.6,0.0,---,---,---,---,---,---,---,---,---,---,52.2197603,0.1548725
1,8654.0,0.0,00:45:36.5,00:01:42.2,4.89,00:00:00.0,0.00,35.0,1026,8.8,0.0,---,---,---,---,---,---,---,---,---,---,52.2197956,0.1549883
1,8662.8,0.0,00:45:38.3,00:01:42.0,4.90,00:00:00.0,0.00,32.0,1027,8.8,0.0,---,---,---,---,---,---,---,---,---,---,52.2198310,0.1551042
1,8671.6,0.0,00:45:40.1,00:01:41.8,4.91,00:00:00.0,0.00,35.0,1028,8.8,0.0,---,---,---,---,---,---,---,---,---,---,52.2198624,0.1552223
1,8679.7,0.0,00:45:41.8,00:01:42.9,4.86,00:00:00.0,0.00,35.0,1029,8.1,0.0,---,---,---,---,---,---,---,---,---,---,52.2198940,0.1553287
1,8689.3,0.0,00:45:43.7,00:01:40.6,4.97,00:00:00.0,0.00,30.5,1030,9.7,0.0,---,---,---,---,---,---,---,---,---,---,52.2199322,0.1554559
1,8698.2,0.0,00:45:45.5,00:01:41.2,4.94,00:00:00.0,0.00,35.0,1031,8.8,0.0,---,---,---,---,---,---,---,---,---,---,52.2199649,0.1555739
1,8706.1,0.0,00:45:47.1,00:01:42.7,4.87,00:00:00.0,0.00,35.0,1032,8.0,0.0,---,---,---,---,---,---,---,---,---,---,52.2199934,0.1556812
1,8714.9,0.0,00:45:48.9,00:01:42.0,4.90,00:00:00.0,0.00,32.0,1033,8.7,0.0,---,---,---,---,---,---,---,---,---,---,52.2200263,0.1557974
1,8722.8,0.0,00:45:50.7,00:01:43.5,4.83,00:00:00.0,0.00,36.5,1034,7.9,0.0,---,---,---,---,---,---,---,---,---,---,52.2200535,0.1559041
1,8732.1,0.0,00:45:52.5,00:01:42.5,4.88,00:00:00.0,0.00,32.0,1035,9.3,0.0,---,---,---,---,---,---,---,---,---,---,52.2200765,0.1560361
1,8740.8,0.0,00:45:54.3,00:01:42.9,4.86,00:00:00.0,0.00,32.0,1036,8.7,0.0,---,---,---,---,---,---,---,---,---,---,52.2201001,0.1561580
1,8748.9,0.0,00:45:56.1,00:01:46.2,4.71,00:00:00.0,0.00,35.0,1037,8.1,0.0,---,---,---,---,---,---,---,---,---,---,52.2201205,0.1562722
1,8756.7,0.0,00:45:57.9,00:01:54.2,4.38,00:00:00.0,0.00,33.0,1038,7.8,0.0,---,---,---,---,---,---,---,---,---,---,52.2200939,0.1563832
1,8761.4,0.0,00:45:59.7,00:02:01.4,4.12,00:00:00.0,0.00,33.5,1039,4.7,0.0,---,---,---,---,---,---,---,---,---,---,52.2200756,0.1564453
1,8767.9,0.0,00:46:01.5,00:02:24.9,3.45,00:00:00.0,0.00,35.0,1040,6.5,0.0,---,---,---,---,---,---,---,---,---,---,52.2201123,0.1565538
1,8774.4,0.0,00:46:03.3,00:02:32.4,3.28,00:00:00.0,0.00,32.0,1041,6.4,0.0,---,---,---,---,---,---,---,---,---,---,52.2200978,0.1566476
1,8783.8,0.0,00:46:05.1,00:02:08.2,3.90,00:00:00.0,0.00,36.5,1042,9.5,0.0,---,---,---,---,---,---,---,---,---,---,52.2201270,0.1567785
1,8793.2,0.0,00:46:06.7,00:01:54.9,4.35,00:00:00.0,0.00,32.0,1043,9.4,0.0,---,---,---,---,---,---,---,---,---,---,52.2201440,0.1569135
1,8803.1,0.0,00:46:08.7,00:01:43.3,4.84,00:00:00.0,0.00,33.0,1044,10.0,0.0,---,---,---,---,---,---,---,---,---,---,52.2201638,0.1570553
1,8812.9,0.0,00:46:10.3,00:01:41.0,4.95,00:00:00.0,0.00,35.0,1045,9.7,0.0,---,---,---,---,---,---,---,---,---,---,52.2201837,0.1571942
1,8822.4,0.0,00:46:12.1,00:01:41.0,4.95,00:00:00.0,0.00,33.5,1046,9.5,0.0,---,---,---,---,---,---,---,---,---,---,52.2202022,0.1573300
1,8831.9,0.0,00:46:13.9,00:01:40.4,4.98,00:00:00.0,0.00,33.0,1047,9.5,0.0,---,---,---,---,---,---,---,---,---,---,52.2202191,0.1574664
1,8841.3,0.0,00:46:15.7,00:01:41.2,4.94,00:00:00.0,0.00,33.5,1048,9.4,0.0,---,---,---,---,---,---,---,---,---,---,52.2202352,0.1576023
1,8850.7,0.0,00:46:17.7,00:01:41.8,4.91,00:00:00.0,0.00,33.0,1049,9.4,0.0,---,---,---,---,---,---,---,---,---,---,52.2202538,0.1577372
1,8860.1,0.0,00:46:19.3,00:01:39.6,5.02,00:00:00.0,0.00,33.5,1050,9.4,0.0,---,---,---,---,---,---,---,---,---,---,52.2202733,0.1578709
1,8868.6,0.0,00:46:20.9,00:01:39.6,5.02,00:00:00.0,0.00,35.0,1051,8.5,0.0,---,---,---,---,---,---,---,---,---,---,52.2202913,0.1579922
1,8878.6,0.0,00:46:22.9,00:01:40.2,4.99,00:00:00.0,0.00,33.0,1052,10.0,0.0,---,---,---,---,---,---,---,---,---,---,52.2203145,0.1581334
1,8887.7,0.0,00:46:24.7,00:01:41.0,4.95,00:00:00.0,0.00,33.5,1053,9.1,0.0,---,---,---,---,---,---,---,---,---,---,52.2203344,0.1582632
1,8896.0,0.0,00:46:26.3,00:01:41.8,4.91,00:00:00.0,0.00,33.0,1054,8.3,0.0,---,---,---,---,---,---,---,---,---,---,52.2203531,0.1583807
1,8905.0,0.0,00:46:28.1,00:01:41.6,4.92,00:00:00.0,0.00,33.5,1055,9.0,0.0,---,---,---,---,---,---,---,---,---,---,52.2203747,0.1585086
1,8913.3,0.0,00:46:29.8,00:01:42.2,4.89,00:00:00.0,0.00,35.0,1056,8.2,0.0,---,---,---,---,---,---,---,---,---,---,52.2203957,0.1586243
1,8923.1,0.0,00:46:31.7,00:01:40.6,4.97,00:00:00.0,0.00,33.5,1057,9.8,0.0,---,---,---,---,---,---,---,---,---,---,52.2204211,0.1587620
1,8931.9,0.0,00:46:33.5,00:01:40.8,4.96,00:00:00.0,0.00,33.0,1058,8.9,0.0,---,---,---,---,---,---,---,---,---,---,52.2204427,0.1588875
1,8941.0,0.0,00:46:35.3,00:01:42.2,4.89,00:00:00.0,0.00,33.5,1059,9.0,0.0,---,---,---,---,---,---,---,---,---,---,52.2204674,0.1590137
1,8950.0,0.0,00:46:37.1,00:01:42.5,4.88,00:00:00.0,0.00,35.0,1060,9.0,0.0,---,---,---,---,---,---,---,---,---,---,52.2204912,0.1591404
1,8958.2,0.0,00:46:38.8,00:01:42.2,4.89,00:00:00.0,0.00,33.0,1061,8.2,0.0,---,---,---,---,---,---,---,---,---,---,52.2205130,0.1592553
1,8967.9,0.0,00:46:40.7,00:01:39.2,5.04,00:00:00.0,0.00,32.0,1062,9.6,0.0,---,---,---,---,---,---,---,---,---,---,52.2205381,0.1593904
1,8976.7,0.0,00:46:42.5,00:01:40.2,4.99,00:00:00.0,0.00,35.0,1063,8.8,0.0,---,---,---,---,---,---,---,---,---,---,52.2205576,0.1595158
1,8985.5,0.0,00:46:44.3,00:01:42.9,4.86,00:00:00.0,0.00,35.0,1064,8.9,0.0,---,---,---,---,---,---,---,---,---,---,52.2205776,0.1596416
1,8993.6,0.0,00:46:45.9,00:01:42.5,4.88,00:00:00.0,0.00,30.5,1065,8.0,0.0,---,---,---,---,---,---,---,---,---,---,52.2205982,0.1597546
1,9001.6,0.0,00:46:47.7,00:01:42.9,4.86,00:00:00.0,0.00,35.0,1066,8.1,0.0,---,---,---,---,---,---,---,---,---,---,52.2206187,0.1598674
1,9011.1,0.0,00:46:49.5,00:01:41.0,4.95,00:00:00.0,0.00,32.0,1067,9.5,0.0,---,---,---,---,---,---,---,---,---,---,52.2206434,0.1600005
1,9019.8,0.0,00:46:51.3,00:01:42.2,4.89,00:00:00.0,0.00,36.5,1068,8.7,0.0,---,---,---,---,---,---,---,---,---,---,52.2206652,0.1601235
1,9028.6,0.0,00:46:53.1,00:01:44.4,4.79,00:00:00.0,0.00,33.0,1069,8.8,0.0,---,---,---,---,---,---,---,---,---,---,52.2206886,0.1602464
1,9037.4,0.0,00:46:54.9,00:01:44.2,4.80,00:00:00.0,0.00,33.5,1070,8.8,0.0,---,---,---,---,---,---,---,---,---,---,52.2207131,0.1603687
1,9045.5,0.0,00:46:56.7,00:01:43.9,4.81,00:00:00.0,0.00,33.0,1071,8.1,0.0,---,---,---,---,---,---,---,---,---,---,52.2207357,0.1604822
1,9055.2,0.0,00:46:58.5,00:01:40.6,4.97,00:00:00.0,0.00,32.0,1072,9.6,0.0,---,---,---,---,---,---,---,---,---,---,52.2207636,0.1606162
1,9064.0,0.0,00:47:00.3,00:01:41.4,4.93,00:00:00.0,0.00,35.0,1073,8.8,0.0,---,---,---,---,---,---,---,---,---,---,52.2207897,0.1607382
1,9071.9,0.0,00:47:01.9,00:01:43.5,4.83,00:00:00.0,0.00,35.0,1074,7.9,0.0,---,---,---,---,---,---,---,---,---,---,52.2208135,0.1608480
1,9080.6,0.0,00:47:03.7,00:01:43.7,4.82,00:00:00.0,0.00,33.5,1075,8.7,0.0,---,---,---,---,---,---,---,---,---,---,52.2208402,0.1609678
1,9089.3,0.0,00:47:05.7,00:01:43.9,4.81,00:00:00.0,0.00,33.0,1076,8.7,0.0,---,---,---,---,---,---,---,---,---,---,52.2208675,0.1610876
1,9097.9,0.0,00:47:07.3,00:01:42.9,4.86,00:00:00.0,0.00,35.0,1077,8.6,0.0,---,---,---,---,---,---,---,---,---,---,52.2208931,0.1612064
1,9106.6,0.0,00:47:09.1,00:01:42.9,4.86,00:00:00.0,0.00,33.0,1078,8.7,0.0,---,---,---,---,---,---,---,---,---,---,52.2209225,0.1613251
1,9115.5,0.0,00:47:10.9,00:01:42.7,4.87,00:00:00.0,0.00,33.0,1079,8.8,0.0,---,---,---,---,---,---,---,---,---,---,52.2209527,0.1614446
1,9124.3,0.0,00:47:12.7,00:01:43.3,4.84,00:00:00.0,0.00,33.5,1080,8.8,0.0,---,---,---,---,---,---,---,---,---,---,52.2209833,0.1615635
1,9133.0,0.0,00:47:14.7,00:01:43.3,4.84,00:00:00.0,0.00,33.0,1081,8.8,0.0,---,---,---,---,---,---,---,---,---,---,52.2210138,0.1616821
1,9141.8,0.0,00:47:16.3,00:01:42.0,4.90,00:00:00.0,0.00,35.0,1082,8.8,0.0,---,---,---,---,---,---,---,---,---,---,52.2210462,0.1618001
1,9149.8,0.0,00:47:17.9,00:01:42.2,4.89,00:00:00.0,0.00,33.0,1083,8.0,0.0,---,---,---,---,---,---,---,---,---,---,52.2210755,0.1619072
1,9158.5,0.0,00:47:19.7,00:01:41.8,4.91,00:00:00.0,0.00,33.5,1084,8.6,0.0,---,---,---,---,---,---,---,---,---,---,52.2211077,0.1620225
1,9167.2,0.0,00:47:21.5,00:01:42.9,4.86,00:00:00.0,0.00,33.0,1085,8.7,0.0,---,---,---,---,---,---,---,---,---,---,52.2211409,0.1621377
1,9175.8,0.0,00:47:23.3,00:01:44.2,4.80,00:00:00.0,0.00,33.5,1086,8.7,0.0,---,---,---,---,---,---,---,---,---,---,52.2211730,0.1622533
1,9184.5,0.0,00:47:25.1,00:01:44.4,4.79,00:00:00.0,0.00,33.0,1087,8.7,0.0,---,---,---,---,---,---,---,---,---,---,52.2212068,0.1623686
1,9192.5,0.0,00:47:26.8,00:01:43.9,4.81,00:00:00.0,0.00,33.5,1088,7.9,0.0,---,---,---,---,---,---,---,---,---,---,52.2212361,0.1624749
1,9202.0,0.0,00:47:28.7,00:01:42.0,4.90,00:00:00.0,0.00,33.0,1089,9.5,0.0,---,---,---,---,---,---,---,---,---,---,52.2212699,0.1626023
1,9210.7,0.0,00:47:30.5,00:01:42.2,4.89,00:00:00.0,0.00,35.0,1090,8.8,0.0,---,---,---,---,---,---,---,---,---,---,52.2213007,0.1627202
1,9218.7,0.0,00:47:32.1,00:01:42.9,4.86,00:00:00.0,0.00,33.5,1091,8.0,0.0,---,---,---,---,---,---,---,---,---,---,52.2213303,0.1628269
1,9227.5,0.0,00:47:33.9,00:01:42.9,4.86,00:00:00.0,0.00,33.0,1092,8.8,0.0,---,---,---,---,---,---,---,---,---,---,52.2213628,0.1629447
1,9235.6,0.0,00:47:35.7,00:01:42.7,4.87,00:00:00.0,0.00,35.0,1093,8.1,0.0,---,---,---,---,---,---,---,---,---,---,52.2213939,0.1630520
1,9245.3,0.0,00:47:37.5,00:01:39.6,5.02,00:00:00.0,0.00,33.0,1094,9.7,0.0,---,---,---,---,---,---,---,---,---,---,52.2214312,0.1631805
1,9254.1,0.0,00:47:39.3,00:01:40.2,4.99,00:00:00.0,0.00,35.0,1095,8.8,0.0,---,---,---,---,---,---,---,---,---,---,52.2214636,0.1632983
1,9263.0,0.0,00:47:41.1,00:01:41.6,4.92,00:00:00.0,0.00,33.0,1096,8.9,0.0,---,---,---,---,---,---,---,---,---,---,52.2214965,0.1634164
1,9271.9,0.0,00:47:42.9,00:01:41.8,4.91,00:00:00.0,0.00,33.5,1097,9.0,0.0,---,---,---,---,---,---,---,---,---,---,52.2215314,0.1635351
1,9279.9,0.0,00:47:44.7,00:01:42.0,4.90,00:00:00.0,0.00,33.0,1098,8.0,0.0,---,---,---,---,---,---,---,---,---,---,52.2215585,0.1636441
1,9288.8,0.0,00:47:46.3,00:01:39.6,5.02,00:00:00.0,0.00,33.0,1099,8.8,0.0,---,---,---,---,---,---,---,---,---,---,52.2215921,0.1637611
1,9297.6,0.0,00:47:48.1,00:01:40.4,4.98,00:00:00.0,0.00,35.0,1100,8.9,0.0,---,---,---,---,---,---,---,---,---,---,52.2216254,0.1638789
1,9306.5,0.0,00:47:49.9,00:01:41.6,4.92,00:00:00.0,0.00,33.0,1101,9.0,0.0,---,---,---,---,---,---,---,---,---,---,52.2216612,0.1639960
1,9315.4,0.0,00:47:51.7,00:01:41.4,4.93,00:00:00.0,0.00,35.0,1102,8.8,0.0,---,---,---,---,---,---,---,---,---,---,52.2216934,0.1641143
1,9324.2,0.0,00:47:53.7,00:01:41.4,4.93,00:00:00.0,0.00,33.0,1103,8.9,0.0,---,---,---,---,---,---,---,---,---,---,52.2217274,0.1642322
1,9333.0,0.0,00:47:55.3,00:01:39.8,5.01,00:00:00.0,0.00,33.5,1104,8.8,0.0,---,---,---,---,---,---,---,---,---,---,52.2217592,0.1643504
1,9341.1,0.0,00:47:57.0,00:01:40.4,4.98,00:00:00.0,0.00,35.0,1105,8.0,0.0,---,---,---,---,---,---,---,---,---,---,52.2217860,0.1644598
1,9350.0,0.0,00:47:58.7,00:01:39.8,5.01,00:00:00.0,0.00,33.0,1106,9.0,0.0,---,---,---,---,---,---,---,---,---,---,52.2218206,0.1645784
1,9358.9,0.0,00:48:00.5,00:01:40.4,4.98,00:00:00.0,0.00,33.5,1107,8.8,0.0,---,---,---,---,---,---,---,---,---,---,52.2218533,0.1646962
1,9367.9,0.0,00:48:02.3,00:01:41.4,4.93,00:00:00.0,0.00,35.0,1108,9.1,0.0,---,---,---,---,---,---,---,---,---,---,52.2218884,0.1648159
1,9376.8,0.0,00:48:04.1,00:01:40.4,4.98,00:00:00.0,0.00,33.5,1109,8.9,0.0,---,---,---,---,---,---,---,---,---,---,52.2219202,0.1649352
1,9383.9,0.0,00:48:05.7,00:01:40.6,4.97,00:00:00.0,0.00,33.0,1110,7.2,0.0,---,---,---,---,---,---,---,---,---,---,52.2219468,0.1650310
1,9394.4,0.0,00:48:07.7,00:01:39.4,5.03,00:00:00.0,0.00,33.5,1111,10.5,0.0,---,---,---,---,---,---,---,---,---,---,52.2219865,0.1651701
1,9402.4,0.0,00:48:09.3,00:01:40.4,4.98,00:00:00.0,0.00,35.0,1112,8.0,0.0,---,---,---,---,---,---,---,---,---,---,52.2220156,0.1652779
1,9411.3,0.0,00:48:11.1,00:01:42.2,4.89,00:00:00.0,0.00,33.5,1113,8.9,0.0,---,---,---,---,---,---,---,---,---,---,52.2220505,0.1653950
1,9420.1,0.0,00:48:12.9,00:01:42.9,4.86,00:00:00.0,0.00,35.0,1114,8.7,0.0,---,---,---,---,---,---,---,---,---,---,52.2220836,0.1655111
1,9428.0,0.0,00:48:14.7,00:01:43.3,4.84,00:00:00.0,0.00,35.0,1115,8.0,0.0,---,---,---,---,---,---,---,---,---,---,52.2221143,0.1656167
1,9437.5,0.0,00:48:16.5,00:01:40.4,4.98,00:00:00.0,0.00,32.0,1116,9.5,0.0,---,---,---,---,---,---,---,---,---,---,52.2221502,0.1657434
1,9445.6,0.0,00:48:18.1,00:01:40.8,4.96,00:00:00.0,0.00,33.0,1117,8.0,0.0,---,---,---,---,---,---,---,---,---,---,52.2221828,0.1658481
1,9454.2,0.0,00:48:19.9,00:01:42.9,4.86,00:00:00.0,0.00,36.5,1118,8.7,0.0,---,---,---,---,---,---,---,---,---,---,52.2222194,0.1659605
1,9463.0,0.0,00:48:21.7,00:01:42.7,4.87,00:00:00.0,0.00,32.0,1119,8.8,0.0,---,---,---,---,---,---,---,---,---,---,52.2222589,0.1660723
1,9471.7,0.0,00:48:23.7,00:01:42.9,4.86,00:00:00.0,0.00,35.0,1120,8.7,0.0,---,---,---,---,---,---,---,---,---,---,52.2222996,0.1661813
1,9480.5,0.0,00:48:25.3,00:01:42.0,4.90,00:00:00.0,0.00,33.5,1121,8.7,0.0,---,---,---,---,---,---,---,---,---,---,52.2223435,0.1662876
1,9488.5,0.0,00:48:26.9,00:01:41.0,4.95,00:00:00.0,0.00,33.0,1122,8.0,0.0,---,---,---,---,---,---,---,---,---,---,52.2223826,0.1663858
1,9497.2,0.0,00:48:28.7,00:01:41.6,4.92,00:00:00.0,0.00,35.0,1123,8.8,0.0,---,---,---,---,---,---,---,---,---,---,52.2224287,0.1664899
1,9506.1,0.0,00:48:30.5,00:01:43.5,4.83,00:00:00.0,0.00,35.0,1124,8.9,0.0,---,---,---,---,---,---,---,---,---,---,52.2224795,0.1665897
1,9514.8,0.0,00:48:32.3,00:01:43.5,4.83,00:00:00.0,0.00,32.0,1125,8.7,0.0,---,---,---,---,---,---,---,---,---,---,52.2225283,0.1666891
1,9523.4,0.0,00:48:34.1,00:01:42.9,4.86,00:00:00.0,0.00,33.0,1126,8.7,0.0,---,---,---,---,---,---,---,---,---,---,52.2225802,0.1667840
1,9531.8,0.0,00:48:35.8,00:01:43.1,4.85,00:00:00.0,0.00,36.5,1127,8.4,0.0,---,---,---,---,---,---,---,---,---,---,52.2226397,0.1668605
1,9541.3,0.0,00:48:37.7,00:01:39.8,5.01,00:00:00.0,0.00,33.5,1128,9.5,0.0,---,---,---,---,---,---,---,---,---,---,52.2227049,0.1669498
1,9549.8,0.0,00:48:39.5,00:01:42.9,4.86,00:00:00.0,0.00,35.0,1129,8.4,0.0,---,---,---,---,---,---,---,---,---,---,52.2227647,0.1670259
1,9557.5,0.0,00:48:41.1,00:01:48.0,4.63,00:00:00.0,0.00,30.5,1130,7.8,0.0,---,---,---,---,---,---,---,---,---,---,52.2228256,0.1670823
1,9566.6,0.0,00:48:42.9,00:01:47.5,4.65,00:00:00.0,0.00,35.0,1131,9.0,0.0,---,---,---,---,---,---,---,---,---,---,52.2228991,0.1671377
1,9574.7,0.0,00:48:44.7,00:01:43.1,4.85,00:00:00.0,0.00,33.5,1132,8.2,0.0,---,---,---,---,---,---,---,---,---,---,52.2229679,0.1671798
1,9583.9,0.0,00:48:46.5,00:01:40.0,5.00,00:00:00.0,0.00,35.0,1133,9.1,0.0,---,---,---,---,---,---,---,---,---,---,52.2230439,0.1672293
1,9591.3,0.0,00:48:48.3,00:01:45.5,4.74,00:00:00.0,0.00,32.0,1134,7.5,0.0,---,---,---,---,---,---,---,---,---,---,52.2231052,0.1672733
1,9599.9,0.0,00:48:50.1,00:01:54.4,4.37,00:00:00.0,0.00,33.5,1135,8.6,0.0,---,---,---,---,---,---,---,---,---,---,52.2231807,0.1673035
1,9608.1,0.0,00:48:51.9,00:01:54.4,4.37,00:00:00.0,0.00,33.0,1136,8.2,0.0,---,---,---,---,---,---,---,---,---,---,52.2232533,0.1673216
1,9615.9,0.0,00:48:53.7,00:01:51.6,4.48,00:00:00.0,0.00,35.0,1137,7.8,0.0,---,---,---,---,---,---,---,---,---,---,52.2233231,0.1673271
1,9624.3,0.0,00:48:55.3,00:01:46.8,4.68,00:00:00.0,0.00,33.0,1138,8.4,0.0,---,---,---,---,---,---,---,---,---,---,52.2233985,0.1673211
1,9632.8,0.0,00:48:57.1,00:01:43.3,4.84,00:00:00.0,0.00,33.5,1139,8.5,0.0,---,---,---,---,---,---,---,---,---,---,52.2234746,0.1673095
1,9641.4,0.0,00:48:58.9,00:01:46.8,4.68,00:00:00.0,0.00,35.0,1140,8.6,0.0,---,---,---,---,---,---,---,---,---,---,52.2235514,0.1672919
1,9650.3,0.0,00:49:00.7,00:01:47.5,4.65,00:00:00.0,0.00,32.0,1141,8.8,0.0,---,---,---,---,---,---,---,---,---,---,52.2236294,0.1672663
1,9658.7,0.0,00:49:02.7,00:01:46.6,4.69,00:00:00.0,0.00,35.0,1142,8.4,0.0,---,---,---,---,---,---,---,---,---,---,52.2237037,0.1672398
1,9667.1,0.0,00:49:04.3,00:01:44.2,4.80,00:00:00.0,0.00,33.0,1143,8.3,0.0,---,---,---,---,---,---,---,---,---,---,52.2237760,0.1672090
1,9674.4,0.0,00:49:05.9,00:01:45.5,4.74,00:00:00.0,0.00,36.5,1144,7.4,0.0,---,---,---,---,---,---,---,---,---,---,52.2238400,0.1671813
1,9683.5,0.0,00:49:07.9,00:01:47.3,4.66,00:00:00.0,0.00,32.0,1145,9.0,0.0,---,---,---,---,---,---,---,---,---,---,52.2239191,0.1671512
1,9691.3,0.0,00:49:09.5,00:01:47.8,4.64,00:00:00.0,0.00,36.5,1146,7.8,0.0,---,---,---,---,---,---,---,---,---,---,52.2239873,0.1671239
1,9700.1,0.0,00:49:11.3,00:01:45.9,4.72,00:00:00.0,0.00,32.0,1147,8.8,0.0,---,---,---,---,---,---,---,---,---,---,52.2240648,0.1670965
1,9709.0,0.0,00:49:13.1,00:01:42.2,4.89,00:00:00.0,0.00,35.0,1148,8.8,0.0,---,---,---,---,---,---,---,---,---,---,52.2241426,0.1670694
1,9717.2,0.0,00:49:14.8,00:01:41.2,4.94,00:00:00.0,0.00,35.0,1149,8.2,0.0,---,---,---,---,---,---,---,---,---,---,52.2242148,0.1670442
1,9727.0,0.0,00:49:16.7,00:01:40.8,4.96,00:00:00.0,0.00,32.0,1150,9.8,0.0,---,---,---,---,---,---,---,---,---,---,52.2243006,0.1670137
1,9735.2,0.0,00:49:18.3,00:01:41.2,4.94,00:00:00.0,0.00,35.0,1151,8.2,0.0,---,---,---,---,---,---,---,---,---,---,52.2243727,0.1669898
1,9743.9,0.0,00:49:20.1,00:01:41.8,4.91,00:00:00.0,0.00,33.0,1152,8.7,0.0,---,---,---,---,---,---,---,---,---,---,52.2244490,0.1669618
1,9752.7,0.0,00:49:21.9,00:01:43.3,4.84,00:00:00.0,0.00,35.0,1153,8.8,0.0,---,---,---,---,---,---,---,---,---,---,52.2245265,0.1669360
1,9761.0,0.0,00:49:23.7,00:01:41.6,4.92,00:00:00.0,0.00,32.0,1154,8.3,0.0,---,---,---,---,---,---,---,---,---,---,52.2245994,0.1669117
1,9770.6,0.0,00:49:25.5,00:01:38.2,5.09,00:00:00.0,0.00,33.0,1155,9.6,0.0,---,---,---,---,---,---,---,---,---,---,52.2246839,0.1668825
1,9779.1,0.0,00:49:27.3,00:01:41.4,4.93,00:00:00.0,0.00,35.0,1156,8.6,0.0,---,---,---,---,---,---,---,---,---,---,52.2247592,0.1668567
1,9787.7,0.0,00:49:29.1,00:01:44.6,4.78,00:00:00.0,0.00,35.0,1157,8.5,0.0,---,---,---,---,---,---,---,---,---,---,52.2248341,0.1668292
1,9796.8,0.0,00:49:30.9,00:01:44.2,4.80,00:00:00.0,0.00,33.5,1158,9.1,0.0,---,---,---,---,---,---,---,---,---,---,52.2249139,0.1668024
1,9804.8,0.0,00:49:32.7,00:01:41.4,4.93,00:00:00.0,0.00,32.0,1159,8.0,0.0,---,---,---,---,---,---,---,---,---,---,52.2249847,0.1667801
1,9813.6,0.0,00:49:34.3,00:01:39.6,5.02,00:00:00.0,0.00,36.5,1160,8.8,0.0,---,---,---,---,---,---,---,---,---,---,52.2250624,0.1667533
1,9822.9,0.0,00:49:36.1,00:01:40.6,4.97,00:00:00.0,0.00,32.0,1161,9.2,0.0,---,---,---,---,---,---,---,---,---,---,52.2251431,0.1667212
1,9831.3,0.0,00:49:37.9,00:01:40.6,4.97,00:00:00.0,0.00,36.5,1162,8.5,0.0,---,---,---,---,---,---,---,---,---,---,52.2252170,0.1666916
1,9840.0,0.0,00:49:39.7,00:01:42.9,4.86,00:00:00.0,0.00,32.0,1163,8.6,0.0,---,---,---,---,---,---,---,---,---,---,52.2252922,0.1666612
1,9848.1,0.0,00:49:41.3,00:01:43.9,4.81,00:00:00.0,0.00,35.0,1164,8.2,0.0,---,---,---,---,---,---,---,---,---,---,52.2253634,0.1666313
1,9857.1,0.0,00:49:43.1,00:01:41.4,4.93,00:00:00.0,0.00,35.0,1165,9.0,0.0,---,---,---,---,---,---,---,---,---,---,52.2254422,0.1666014
1,9865.2,0.0,00:49:44.8,00:01:39.0,5.05,00:00:00.0,0.00,32.0,1166,8.1,0.0,---,---,---,---,---,---,---,---,---,---,52.2255130,0.1665752
1,9874.7,0.0,00:49:46.7,00:01:40.0,5.00,00:00:00.0,0.00,35.0,1167,9.5,0.0,---,---,---,---,---,---,---,---,---,---,52.2255961,0.1665454
1,9883.9,0.0,00:49:48.5,00:01:43.5,4.83,00:00:00.0,0.00,33.5,1168,9.2,0.0,---,---,---,---,---,---,---,---,---,---,52.2256765,0.1665171
1,9892.3,0.0,00:49:50.1,00:01:41.4,4.93,00:00:00.0,0.00,35.0,1169,8.5,0.0,---,---,---,---,---,---,---,---,---,---,52.2257503,0.1664869
1,9900.8,0.0,00:49:51.9,00:01:39.0,5.05,00:00:00.0,0.00,35.0,1170,8.4,0.0,---,---,---,---,---,---,---,---,---,---,52.2258249,0.1664637
1,9908.4,0.0,00:49:53.7,00:01:42.0,4.90,00:00:00.0,0.00,32.0,1171,7.6,0.0,---,---,---,---,---,---,---,---,---,---,52.2258924,0.1664504
1,9917.4,0.0,00:49:55.5,00:01:44.8,4.77,00:00:00.0,0.00,36.5,1172,9.0,0.0,---,---,---,---,---,---,---,---,---,---,52.2259733,0.1664436
1,9925.0,0.0,00:49:57.3,00:01:49.2,4.58,00:00:00.0,0.00,32.0,1173,7.7,0.0,---,---,---,---,---,---,---,---,---,---,52.2260422,0.1664470
1,9932.7,0.0,00:49:58.9,00:01:51.9,4.47,00:00:00.0,0.00,33.0,1174,7.7,0.0,---,---,---,---,---,---,---,---,---,---,52.2261107,0.1664663
1,9940.2,0.0,00:50:00.7,00:01:48.7,4.60,00:00:00.0,0.00,35.0,1175,7.5,0.0,---,---,---,---,---,---,---,---,---,---,52.2261760,0.1664928
1,9948.5,0.0,00:50:02.7,00:01:51.6,4.48,00:00:00.0,0.00,35.0,1176,8.3,0.0,---,---,---,---,---,---,---,---,---,---,52.2262478,0.1665231
1,9957.4,0.0,00:50:04.3,00:01:52.9,4.43,00:00:00.0,0.00,33.0,1177,8.9,0.0,---,---,---,---,---,---,---,---,---,---,52.2263238,0.1665624
1,9965.2,0.0,00:50:06.1,00:01:50.9,4.51,00:00:00.0,0.00,33.5,1178,7.9,0.0,---,---,---,---,---,---,---,---,---,---,52.2263895,0.1666057
1,9974.0,0.0,00:50:07.9,00:01:51.6,4.48,00:00:00.0,0.00,35.0,1179,8.8,0.0,---,---,---,---,---,---,---,---,---,---,52.2264633,0.1666508
1,9983.2,0.0,00:50:09.7,00:01:47.8,4.64,00:00:00.0,0.00,32.0,1180,9.1,0.0,---,---,---,---,---,---,---,---,---,---,52.2265400,0.1666986
1,9990.8,0.0,00:50:11.3,00:01:46.2,4.71,00:00:00.0,0.00,35.0,1181,7.6,0.0,---,---,---,---,---,---,---,---,---,---,52.2265995,0.1667542
1,9999.4,0.0,00:50:13.1,00:01:47.5,4.65,00:00:00.0,0.00,33.5,1182,8.6,0.0,---,---,---,---,---,---,---,---,---,---,52.2266666,0.1668168
1,10007.2,0.0,00:50:14.8,00:01:46.2,4.71,00:00:00.0,0.00,33.0,1183,7.8,0.0,---,---,---,---,---,---,---,---,---,---,52.2267233,0.1668842
1,10016.5,0.0,00:50:16.7,00:01:44.6,4.78,00:00:00.0,0.00,35.0,1184,9.3,0.0,---,---,---,---,---,---,---,---,---,---,52.2267881,0.1669706
1,10024.9,0.0,00:50:18.5,00:01:45.7,4.73,00:00:00.0,0.00,33.5,1185,8.4,0.0,---,---,---,---,---,---,---,---,---,---,52.2268410,0.1670580
1,10033.6,0.0,00:50:20.3,00:01:45.5,4.74,00:00:00.0,0.00,33.0,1186,8.7,0.0,---,---,---,---,---,---,---,---,---,---,52.2268939,0.1671520
1,10042.4,0.0,00:50:22.1,00:01:44.8,4.77,00:00:00.0,0.00,35.0,1187,8.8,0.0,---,---,---,---,---,---,---,---,---,---,52.2269409,0.1672558
1,10049.5,0.0,00:50:23.7,00:01:43.9,4.81,00:00:00.0,0.00,33.0,1188,7.1,0.0,---,---,---,---,---,---,---,---,---,---,52.2269752,0.1673441
1,10058.8,0.0,00:50:25.5,00:01:42.5,4.88,00:00:00.0,0.00,33.5,1189,9.3,0.0,---,---,---,---,---,---,---,---,---,---,52.2270165,0.1674622
1,10067.7,0.0,00:50:27.3,00:01:42.7,4.87,00:00:00.0,0.00,35.0,1190,8.9,0.0,---,---,---,---,---,---,---,---,---,---,52.2270555,0.1675757
1,10076.5,0.0,00:50:29.1,00:01:41.8,4.91,00:00:00.0,0.00,35.0,1191,8.9,0.0,---,---,---,---,---,---,---,---,---,---,52.2270916,0.1676917
1,10085.4,0.0,00:50:30.9,00:01:41.6,4.92,00:00:00.0,0.00,33.5,1192,8.9,0.0,---,---,---,---,---,---,---,---,---,---,52.2271288,0.1678072
1,10093.5,0.0,00:50:32.7,00:01:42.0,4.90,00:00:00.0,0.00,35.0,1193,8.0,0.0,---,---,---,---,---,---,---,---,---,---,52.2271624,0.1679112
1,10102.4,0.0,00:50:34.3,00:01:39.8,5.01,00:00:00.0,0.00,33.0,1194,9.0,0.0,---,---,---,---,---,---,---,---,---,---,52.2272022,0.1680251
1,10111.2,0.0,00:50:36.1,00:01:39.4,5.03,00:00:00.0,0.00,33.5,1195,8.8,0.0,---,---,---,---,---,---,---,---,---,---,52.2272382,0.1681407
1,10120.1,0.0,00:50:37.9,00:01:40.4,4.98,00:00:00.0,0.00,35.0,1196,8.8,0.0,---,---,---,---,---,---,---,---,---,---,52.2272773,0.1682533
1,10128.2,0.0,00:50:39.5,00:01:41.4,4.93,00:00:00.0,0.00,35.0,1197,8.1,0.0,---,---,---,---,---,---,---,---,---,---,52.2273139,0.1683566
1,10137.1,0.0,00:50:41.3,00:01:41.6,4.92,00:00:00.0,0.00,33.0,1198,8.9,0.0,---,---,---,---,---,---,---,---,---,---,52.2273536,0.1684706
1,10146.0,0.0,00:50:43.1,00:01:41.2,4.94,00:00:00.0,0.00,35.0,1199,8.9,0.0,---,---,---,---,---,---,---,---,---,---,52.2273938,0.1685834
1,10153.2,0.0,00:50:44.7,00:01:42.2,4.89,00:00:00.0,0.00,35.0,1200,7.2,0.0,---,---,---,---,---,---,---,---,---,---,52.2274296,0.1686710
1,10163.0,0.0,00:50:46.5,00:01:40.4,4.98,00:00:00.0,0.00,33.0,1201,9.8,0.0,---,---,---,---,---,---,---,---,---,---,52.2274821,0.1687861
1,10171.9,0.0,00:50:48.3,00:01:40.0,5.00,00:00:00.0,0.00,33.5,1202,8.9,0.0,---,---,---,---,---,---,---,---,---,---,52.2275291,0.1688907
1,10180.8,0.0,00:50:50.1,00:01:41.6,4.92,00:00:00.0,0.00,36.5,1203,8.9,0.0,---,---,---,---,---,---,---,---,---,---,52.2275778,0.1689950
1,10189.0,0.0,00:50:51.7,00:01:41.6,4.92,00:00:00.0,0.00,33.0,1204,8.2,0.0,---,---,---,---,---,---,---,---,---,---,52.2276214,0.1690912
1,10198.0,0.0,00:50:53.7,00:01:41.6,4.92,00:00:00.0,0.00,35.0,1205,9.0,0.0,---,---,---,---,---,---,---,---,---,---,52.2276729,0.1691932
1,10206.9,0.0,00:50:55.3,00:01:40.6,4.97,00:00:00.0,0.00,33.0,1206,9.0,0.0,---,---,---,---,---,---,---,---,---,---,52.2277303,0.1692856
1,10214.7,0.0,00:50:56.9,00:01:42.0,4.90,00:00:00.0,0.00,35.0,1207,7.7,0.0,---,---,---,---,---,---,---,---,---,---,52.2277794,0.1693654
1,10223.4,0.0,00:50:58.7,00:01:44.2,4.80,00:00:00.0,0.00,35.0,1208,8.8,0.0,---,---,---,---,---,---,---,---,---,---,52.2278410,0.1694453
1,10232.3,0.0,00:51:00.5,00:01:43.3,4.84,00:00:00.0,0.00,33.0,1209,9.0,0.0,---,---,---,---,---,---,---,---,---,---,52.2279068,0.1695200
1,10241.2,0.0,00:51:02.3,00:01:42.0,4.90,00:00:00.0,0.00,35.0,1210,8.8,0.0,---,---,---,---,---,---,---,---,---,---,52.2279727,0.1695924
1,10249.1,0.0,00:51:03.9,00:01:42.2,4.89,00:00:00.0,0.00,33.5,1211,8.0,0.0,---,---,---,---,---,---,---,---,---,---,52.2280319,0.1696577
1,10257.4,0.0,00:51:05.7,00:01:42.7,4.87,00:00:00.0,0.00,35.0,1212,8.2,0.0,---,---,---,---,---,---,---,---,---,---,52.2280958,0.1697183
1,10267.4,0.0,00:51:07.5,00:01:39.6,5.02,00:00:00.0,0.00,35.0,1213,10.0,0.0,---,---,---,---,---,---,---,---,---,---,52.2281771,0.1697817
1,10275.9,0.0,00:51:09.1,00:01:38.6,5.07,00:00:00.0,0.00,35.0,1214,8.5,0.0,---,---,---,---,---,---,---,---,---,---,52.2282462,0.1698361
1,10285.3,0.0,00:51:10.9,00:01:38.6,5.07,00:00:00.0,0.00,35.0,1215,9.4,0.0,---,---,---,---,---,---,---,---,---,---,52.2283238,0.1698903
1,10293.6,0.0,00:51:12.5,00:01:37.3,5.14,00:00:00.0,0.00,33.5,1216,8.3,0.0,---,---,---,---,---,---,---,---,---,---,52.2283928,0.1699364
1,10302.4,0.0,00:51:14.7,00:01:38.8,5.06,00:00:00.0,0.00,35.0,1217,8.8,0.0,---,---,---,---,---,---,---,---,---,---,52.2284663,0.1699839
1,10309.9,0.0,00:51:16.1,00:01:44.6,4.78,00:00:00.0,0.00,35.0,1218,7.4,0.0,---,---,---,---,---,---,---,---,---,---,52.2285302,0.1700161
1,10316.6,0.0,00:51:17.7,00:01:50.1,4.54,00:00:00.0,0.00,35.0,1219,6.8,0.0,---,---,---,---,---,---,---,---,---,---,52.2285886,0.1700438
1,10326.6,0.0,00:51:19.5,00:01:46.8,4.68,00:00:00.0,0.00,35.0,1220,10.0,0.0,---,---,---,---,---,---,---,---,---,---,52.2286758,0.1700780
1,10335.2,0.0,00:51:21.3,00:01:41.8,4.91,00:00:00.0,0.00,33.5,1221,8.6,0.0,---,---,---,---,---,---,---,---,---,---,52.2287504,0.1701115
1,10344.3,0.0,00:51:22.9,00:01:39.4,5.03,00:00:00.0,0.00,36.5,1222,9.1,0.0,---,---,---,---,---,---,---,---,---,---,52.2288311,0.1701299
1,10352.5,0.0,00:51:24.7,00:01:39.2,5.04,00:00:00.0,0.00,35.0,1223,8.2,0.0,---,---,---,---,---,---,---,---,---,---,52.2289039,0.1701528
1,10360.5,0.0,00:51:26.3,00:01:45.3,4.75,00:00:00.0,0.00,35.0,1224,8.0,0.0,---,---,---,---,---,---,---,---,---,---,52.2289746,0.1701752
1,10368.5,0.0,00:51:28.1,00:01:49.2,4.58,00:00:00.0,0.00,35.0,1225,8.0,0.0,---,---,---,---,---,---,---,---,---,---,52.2290447,0.1702007
1,10375.4,0.0,00:51:29.7,00:01:48.7,4.60,00:00:00.0,0.00,35.0,1226,6.8,0.0,---,---,---,---,---,---,---,---,---,---,52.2291053,0.1702180
1,10385.6,0.0,00:51:31.5,00:01:46.2,4.71,00:00:00.0,0.00,33.5,1227,10.2,0.0,---,---,---,---,---,---,---,---,---,---,52.2291966,0.1702377
1,10394.8,0.0,00:51:33.3,00:01:43.1,4.85,00:00:00.0,0.00,36.5,1228,9.2,0.0,---,---,---,---,---,---,---,---,---,---,52.2292785,0.1702536
1,10401.8,0.0,00:51:34.9,00:01:45.3,4.75,00:00:00.0,0.00,35.0,1229,7.0,0.0,---,---,---,---,---,---,---,---,---,---,52.2293406,0.1702713
1,10409.5,0.0,00:51:36.7,00:01:51.4,4.49,00:00:00.0,0.00,35.0,1230,7.6,0.0,---,---,---,---,---,---,---,---,---,---,52.2294080,0.1702916
1,10416.6,0.0,00:51:38.3,00:01:59.3,4.19,00:00:00.0,0.00,33.5,1231,7.1,0.0,---,---,---,---,---,---,---,---,---,---,52.2294702,0.1703143
1,10426.2,0.0,00:51:40.1,00:01:49.6,4.56,00:00:00.0,0.00,35.0,1232,9.6,0.0,---,---,---,---,---,---,---,---,---,---,52.2295555,0.1703396
1,10433.7,0.0,00:51:41.7,00:01:39.4,5.03,00:00:00.0,0.00,35.0,1233,7.5,0.0,---,---,---,---,---,---,---,---,---,---,52.2296221,0.1703596
1,10444.0,0.0,00:51:43.5,00:01:38.0,5.10,00:00:00.0,0.00,35.0,1234,10.2,0.0,---,---,---,---,---,---,---,---,---,---,52.2297130,0.1703817
1,10452.6,0.0,00:51:45.3,00:01:39.2,5.04,00:00:00.0,0.00,36.5,1235,8.6,0.0,---,---,---,---,---,---,---,---,---,---,52.2297896,0.1704004
1,10460.4,0.0,00:51:46.9,00:01:43.1,4.85,00:00:00.0,0.00,33.5,1236,7.8,0.0,---,---,---,---,---,---,---,---,---,---,52.2298586,0.1704191
1,10469.0,0.0,00:51:48.7,00:01:45.0,4.76,00:00:00.0,0.00,35.0,1237,8.6,0.0,---,---,---,---,---,---,---,---,---,---,52.2299351,0.1704408
1,10477.5,0.0,00:51:50.7,00:01:48.5,4.61,00:00:00.0,0.00,35.0,1238,8.5,0.0,---,---,---,---,---,---,---,---,---,---,52.2300096,0.1704653
1,10485.8,0.0,00:51:52.1,00:01:46.8,4.68,00:00:00.0,0.00,35.0,1239,8.3,0.0,---,---,---,---,---,---,---,---,---,---,52.2300835,0.1704854
1,10493.0,0.0,00:51:53.8,00:01:43.7,4.82,00:00:00.0,0.00,33.0,1240,7.2,0.0,---,---,---,---,---,---,---,---,---,---,52.2301466,0.1705085
1,10502.6,0.0,00:51:55.7,00:01:48.9,4.59,00:00:00.0,0.00,35.0,1241,9.5,0.0,---,---,---,---,---,---,---,---,---,---,52.2302301,0.1705398
1,10510.7,0.0,00:51:57.3,00:01:53.9,4.39,00:00:00.0,0.00,35.0,1242,8.1,0.0,---,---,---,---,---,---,---,---,---,---,52.2303010,0.1705674
1,10519.7,0.0,00:51:59.1,00:01:50.1,4.54,00:00:00.0,0.00,35.0,1243,9.0,0.0,---,---,---,---,---,---,---,---,---,---,52.2303802,0.1705917
1,10528.2,0.0,00:52:00.9,00:01:45.7,4.73,00:00:00.0,0.00,35.0,1244,8.6,0.0,---,---,---,---,---,---,---,---,---,---,52.2304551,0.1706202
1,10536.6,0.0,00:52:02.7,00:01:46.4,4.70,00:00:00.0,0.00,35.0,1245,8.4,0.0,---,---,---,---,---,---,---,---,---,---,52.2305287,0.1706480
1,10544.8,0.0,00:52:04.3,00:01:46.4,4.70,00:00:00.0,0.00,35.0,1246,8.1,0.0,---,---,---,---,---,---,---,---,---,---,52.2306001,0.1706744
1,10552.6,0.0,00:52:06.0,00:01:47.1,4.67,00:00:00.0,0.00,33.5,1247,7.8,0.0,---,---,---,---,---,---,---,---,---,---,52.2306679,0.1707031
1,10562.3,0.0,00:52:07.7,00:01:47.5,4.65,00:00:00.0,0.00,35.0,1248,9.7,0.0,---,---,---,---,---,---,---,---,---,---,52.2307537,0.1707289
1,10571.4,0.0,00:52:09.5,00:01:45.7,4.73,00:00:00.0,0.00,35.0,1249,9.1,0.0,---,---,---,---,---,---,---,---,---,---,52.2308337,0.1707580
1,10579.6,0.0,00:52:11.1,00:01:43.5,4.83,00:00:00.0,0.00,35.0,1250,8.2,0.0,---,---,---,---,---,---,---,---,---,---,52.2309056,0.1707829
1,10588.5,0.0,00:52:12.9,00:01:42.2,4.89,00:00:00.0,0.00,35.0,1251,8.9,0.0,---,---,---,---,---,---,---,---,---,---,52.2309844,0.1708085
1,10595.7,0.0,00:52:14.7,00:01:45.5,4.74,00:00:00.0,0.00,35.0,1252,7.2,0.0,---,---,---,---,---,---,---,---,---,---,52.2310473,0.1708332
1,10604.8,0.0,00:52:16.3,00:01:48.2,4.62,00:00:00.0,0.00,33.5,1253,9.2,0.0,---,---,---,---,---,---,---,---,---,---,52.2311283,0.1708548
1,10613.7,0.0,00:52:18.0,00:01:45.9,4.72,00:00:00.0,0.00,35.0,1254,8.9,0.0,---,---,---,---,---,---,---,---,---,---,52.2312070,0.1708739
1,10622.4,0.0,00:52:19.7,00:01:45.3,4.75,00:00:00.0,0.00,36.5,1255,8.7,0.0,---,---,---,---,---,---,---,---,---,---,52.2312839,0.1708970
1,10631.8,0.0,00:52:21.5,00:01:45.7,4.73,00:00:00.0,0.00,35.0,1256,9.4,0.0,---,---,---,---,---,---,---,---,---,---,52.2313672,0.1709192
1,10640.5,0.0,00:52:23.1,00:01:42.9,4.86,00:00:00.0,0.00,35.0,1257,8.7,0.0,---,---,---,---,---,---,---,---,---,---,52.2314440,0.1709408
1,10649.9,0.0,00:52:24.9,00:01:40.6,4.97,00:00:00.0,0.00,35.0,1258,9.4,0.0,---,---,---,---,---,---,---,---,---,---,52.2315271,0.1709673
1,10659.0,0.0,00:52:26.7,00:01:38.0,5.10,00:00:00.0,0.00,33.5,1259,9.1,0.0,---,---,---,---,---,---,---,---,---,---,52.2316074,0.1709910
1,10668.7,0.0,00:52:28.3,00:01:35.4,5.24,00:00:00.0,0.00,35.0,1260,9.7,0.0,---,---,---,---,---,---,---,---,---,---,52.2316930,0.1710179
1,10677.1,0.0,00:52:30.0,00:01:36.2,5.20,00:00:00.0,0.00,36.5,1261,8.4,0.0,---,---,---,---,---,---,---,---,---,---,52.2317667,0.1710430
1,10686.4,0.0,00:52:31.7,00:01:34.9,5.27,00:00:00.0,0.00,35.0,1262,9.3,0.0,---,---,---,---,---,---,---,---,---,---,52.2318489,0.1710704
1,10695.8,0.0,00:52:33.5,00:01:39.6,5.02,00:00:00.0,0.00,35.0,1263,9.4,0.0,---,---,---,---,---,---,---,---,---,---,52.2319323,0.1710950
1,10703.9,0.0,00:52:35.1,00:01:44.4,4.79,00:00:00.0,0.00,35.0,1264,8.1,0.0,---,---,---,---,---,---,---,---,---,---,52.2320041,0.1711146
1,10712.7,0.0,00:52:36.9,00:01:42.0,4.90,00:00:00.0,0.00,35.0,1265,8.8,0.0,---,---,---,---,---,---,---,---,---,---,52.2320801,0.1711468
1,10720.4,0.0,00:52:38.8,00:01:46.8,4.68,00:00:00.0,0.00,35.0,1266,7.7,0.0,---,---,---,---,---,---,---,---,---,---,52.2321472,0.1711769
1,10728.4,0.0,00:52:40.3,00:01:51.9,4.47,00:00:00.0,0.00,35.0,1267,8.0,0.0,---,---,---,---,---,---,---,---,---,---,52.2322172,0.1712020
1,10736.0,0.0,00:52:41.9,00:01:50.6,4.52,00:00:00.0,0.00,35.0,1268,7.6,0.0,---,---,---,---,---,---,---,---,---,---,52.2322850,0.1712121
1,10744.5,0.0,00:52:43.7,00:01:48.2,4.62,00:00:00.0,0.00,35.0,1269,8.5,0.0,---,---,---,---,---,---,---,---,---,---,52.2323588,0.1712461
1,10750.5,0.0,00:52:45.3,00:01:53.1,4.42,00:00:00.0,0.00,36.5,1270,5.9,0.0,---,---,---,---,---,---,---,---,---,---,52.2324100,0.1712699
1,10759.2,0.0,00:52:47.1,00:01:59.9,4.17,00:00:00.0,0.00,35.0,1271,8.7,0.0,---,---,---,---,---,---,---,---,---,---,52.2324891,0.1712613
1,10768.0,0.0,00:52:48.7,00:01:49.6,4.56,00:00:00.0,0.00,35.0,1272,8.9,0.0,---,---,---,---,---,---,---,---,---,---,52.2325686,0.1712671
1,10777.3,0.0,00:52:50.7,00:01:41.2,4.94,00:00:00.0,0.00,35.0,1273,9.2,0.0,---,---,---,---,---,---,---,---,---,---,52.2326511,0.1712795
1,10785.9,0.0,00:52:52.1,00:01:40.0,5.00,00:00:00.0,0.00,36.5,1274,8.6,0.0,---,---,---,---,---,---,---,---,---,---,52.2327282,0.1712912
1,10792.7,0.0,00:52:53.7,00:01:39.4,5.03,00:00:00.0,0.00,35.0,1275,6.8,0.0,---,---,---,---,---,---,---,---,---,---,52.2327883,0.1713093
1,10803.1,0.0,00:52:55.5,00:01:41.8,4.91,00:00:00.0,0.00,35.0,1276,10.4,0.0,---,---,---,---,---,---,---,---,---,---,52.2328810,0.1713342
1,10811.6,0.0,00:52:57.1,00:01:41.6,4.92,00:00:00.0,0.00,36.5,1277,8.5,0.0,---,---,---,---,---,---,---,---,---,---,52.2329566,0.1713493
1,10821.3,0.0,00:52:58.9,00:01:40.6,4.97,00:00:00.0,0.00,35.0,1278,9.6,0.0,---,---,---,---,---,---,---,---,---,---,52.2330425,0.1713676
1,10829.3,0.0,00:53:00.5,00:01:42.7,4.87,00:00:00.0,0.00,36.5,1279,8.1,0.0,---,---,---,---,---,---,---,---,---,---,52.2331141,0.1713818
1,10837.7,0.0,00:53:02.1,00:01:42.5,4.88,00:00:00.0,0.00,35.0,1280,8.4,0.0,---,---,---,---,---,---,---,---,---,---,52.2331894,0.1713932
1,10846.5,0.0,00:53:03.9,00:01:41.8,4.91,00:00:00.0,0.00,36.5,1281,8.8,0.0,---,---,---,---,---,---,---,---,---,---,52.2332677,0.1714071
1,10855.3,0.0,00:53:05.7,00:01:42.5,4.88,00:00:00.0,0.00,36.5,1282,8.8,0.0,---,---,---,---,---,---,---,---,---,---,52.2333466,0.1714232
1,10863.2,0.0,00:53:07.1,00:01:42.2,4.89,00:00:00.0,0.00,35.0,1283,7.8,0.0,---,---,---,---,---,---,---,---,---,---,52.2334168,0.1714325
1,10870.6,0.0,00:53:08.7,00:01:43.1,4.85,00:00:00.0,0.00,36.5,1284,7.4,0.0,---,---,---,---,---,---,---,---,---,---,52.2334835,0.1714396
1,10881.3,0.0,00:53:10.5,00:01:41.2,4.94,00:00:00.0,0.00,36.5,1285,10.7,0.0,---,---,---,---,---,---,---,---,---,---,52.2335797,0.1714505
1,10889.7,0.0,00:53:12.1,00:01:38.2,5.09,00:00:00.0,0.00,35.0,1286,8.4,0.0,---,---,---,---,---,---,---,---,---,---,52.2336550,0.1714584
1,10899.0,0.0,00:53:13.9,00:01:37.8,5.11,00:00:00.0,0.00,36.5,1287,9.3,0.0,---,---,---,---,---,---,---,---,---,---,52.2337383,0.1714656
1,10928.2,0.0,00:53:21.3,00:01:48.2,4.62,00:00:00.0,0.00,8.5,1288,29.3,0.0,---,---,---,---,---,---,---,---,---,---,52.2340000,0.1714971
1,10941.9,0.0,00:53:25.5,00:02:19.7,3.58,00:00:00.0,0.00,15.0,1289,13.7,0.0,---,---,---,---,---,---,---,---,---,---,52.2341226,0.1715115
1,10960.4,0.0,00:53:32.1,00:02:57.3,2.82,00:00:00.0,0.00,8.5,1290,18.5,0.0,---,---,---,---,---,---,---,---,---,---,52.2342879,0.1715407
1,10967.3,0.0,00:53:34.9,00:03:28.3,2.40,00:00:00.0,0.00,36.5,1291,6.9,0.0,---,---,---,---,---,---,---,---,---,---,52.2343472,0.1715674
1,10972.7,0.0,00:53:37.1,00:03:44.2,2.23,00:00:00.0,0.00,21.5,1292,5.5,0.0,---,---,---,---,---,---,---,---,---,---,52.2343948,0.1715867
1,10975.2,0.0,00:53:38.1,00:03:35.5,2.32,00:00:00.0,0.00,35.0,1293,2.5,0.0,---,---,---,---,---,---,---,---,---,---,52.2344159,0.1715988
1,10981.7,0.0,00:53:40.9,00:03:45.2,2.22,00:00:00.0,0.00,20.5,1294,6.5,0.0,---,---,---,---,---,---,---,---,---,---,52.2344701,0.1716317
1,10987.5,0.0,00:53:43.5,00:04:02.7,2.06,00:00:00.0,0.00,32.5,1295,5.8,0.0,---,---,---,---,---,---,---,---,---,---,52.2345179,0.1716654
1,10989.7,0.0,00:53:44.7,00:03:51.5,2.16,00:00:00.0,0.00,35.0,1296,2.2,0.0,---,---,---,---,---,---,---,---,---,---,52.2345355,0.1716814
1,10996.3,0.0,00:53:47.7,00:03:50.4,2.17,00:00:00.0,0.00,20.0,1297,6.6,0.0,---,---,---,---,---,---,---,---,---,---,52.2345881,0.1717268
1,11001.5,0.0,00:53:49.9,00:04:00.4,2.08,00:00:00.0,0.00,32.5,1298,5.2,0.0,---,---,---,---,---,---,---,---,---,---,52.2346277,0.1717663
1,11003.3,0.0,00:53:50.9,00:03:50.4,2.17,00:00:00.0,0.00,38.5,1299,1.8,0.0,---,---,---,---,---,---,---,---,---,---,52.2346403,0.1717839
1,11010.6,0.0,00:53:54.1,00:03:49.4,2.18,00:00:00.0,0.00,21.0,1300,7.3,0.0,---,---,---,---,---,---,---,---,---,---,52.2346940,0.1718451
1,11015.0,0.0,00:53:56.1,00:04:00.4,2.08,00:00:00.0,0.00,35.0,1301,4.4,0.0,---,---,---,---,---,---,---,---,---,---,52.2347259,0.1718826
1,11017.1,0.0,00:53:57.0,00:03:45.2,2.22,00:00:00.0,0.00,36.5,1302,2.1,0.0,---,---,---,---,---,---,---,---,---,---,52.2347399,0.1719027
1,11024.9,0.0,00:54:00.3,00:03:35.5,2.32,00:00:00.0,0.00,20.0,1303,7.8,0.0,---,---,---,---,---,---,---,---,---,---,52.2347914,0.1719805
1,11032.0,0.0,00:54:03.3,00:03:44.2,2.23,00:00:00.0,0.00,33.5,1304,7.1,0.0,---,---,---,---,---,---,---,---,---,---,52.2348390,0.1720498
1,11039.8,0.0,00:54:06.5,00:03:40.3,2.27,00:00:00.0,0.00,21.0,1305,7.8,0.0,---,---,---,---,---,---,---,---,---,---,52.2348942,0.1721206
1,11044.8,0.0,00:54:08.7,00:03:29.2,2.39,00:00:00.0,0.00,18.5,1306,5.0,0.0,---,---,---,---,---,---,---,---,---,---,52.2349311,0.1721629
1,11055.9,0.0,00:54:12.7,00:03:20.0,2.50,00:00:00.0,0.00,13.5,1307,11.1,0.0,---,---,---,---,---,---,---,---,---,---,52.2350075,0.1722663
1,11063.8,0.0,00:54:15.7,00:03:16.9,2.54,00:00:00.0,0.00,29.5,1308,7.9,0.0,---,---,---,---,---,---,---,---,---,---,52.2350609,0.1723425
1,11071.8,0.0,00:54:18.7,00:03:13.8,2.58,00:00:00.0,0.00,15.0,1309,8.0,0.0,---,---,---,---,---,---,---,---,---,---,52.2351114,0.1724258
1,11080.3,0.0,00:54:21.7,00:03:12.3,2.60,00:00:00.0,0.00,33.0,1310,8.5,0.0,---,---,---,---,---,---,---,---,---,---,52.2351713,0.1725045
1,11089.0,0.0,00:54:24.7,00:03:08.7,2.65,00:00:00.0,0.00,21.0,1311,8.7,0.0,---,---,---,---,---,---,---,---,---,---,52.2352347,0.1725798
1,11093.9,0.0,00:54:26.7,00:03:00.5,2.77,00:00:00.0,0.00,18.5,1312,4.8,0.0,---,---,---,---,---,---,---,---,---,---,52.2352673,0.1726259
1,11106.1,0.0,00:54:30.7,00:02:57.9,2.81,00:00:00.0,0.00,20.0,1313,12.2,0.0,---,---,---,---,---,---,---,---,---,---,52.2353433,0.1727551
1,11114.6,0.0,00:54:33.7,00:02:57.3,2.82,00:00:00.0,0.00,14.5,1314,8.6,0.0,---,---,---,---,---,---,---,---,---,---,52.2353972,0.1728440
1,11123.0,0.0,00:54:36.7,00:03:02.5,2.74,00:00:00.0,0.00,36.0,1315,8.3,0.0,---,---,---,---,---,---,---,---,---,---,52.2354512,0.1729286
1,11131.6,0.0,00:54:39.7,00:03:03.1,2.73,00:00:00.0,0.00,18.5,1316,8.7,0.0,---,---,---,---,---,---,---,---,---,---,52.2355085,0.1730146
1,11140.2,0.0,00:54:42.7,00:02:56.1,2.84,00:00:00.0,0.00,15.0,1317,8.6,0.0,---,---,---,---,---,---,---,---,---,---,52.2355625,0.1731050
1,11145.4,0.0,00:54:44.8,00:02:56.1,2.84,00:00:00.0,0.00,32.0,1318,5.1,0.0,---,---,---,---,---,---,---,---,---,---,52.2355977,0.1731540
1,11158.3,0.0,00:54:48.7,00:02:56.1,2.84,00:00:00.0,0.00,19.5,1319,12.9,0.0,---,---,---,---,---,---,---,---,---,---,52.2356871,0.1732743
1,11166.6,0.0,00:54:51.5,00:02:52.4,2.90,00:00:00.0,0.00,20.0,1320,8.4,0.0,---,---,---,---,---,---,---,---,---,---,52.2357436,0.1733551
1,11172.3,0.0,00:54:53.7,00:02:51.2,2.92,00:00:00.0,0.00,19.5,1321,5.7,0.0,---,---,---,---,---,---,---,---,---,---,52.2357833,0.1734084
1,11184.8,0.0,00:54:57.7,00:02:51.8,2.91,00:00:00.0,0.00,20.5,1322,12.5,0.0,---,---,---,---,---,---,---,---,---,---,52.2358661,0.1735316
1,11193.6,0.0,00:55:00.7,00:02:53.6,2.88,00:00:00.0,0.00,20.0,1323,8.7,0.0,---,---,---,---,---,---,---,---,---,---,52.2359252,0.1736170
1,11202.1,0.0,00:55:03.7,00:02:54.8,2.86,00:00:00.0,0.00,20.5,1324,8.6,0.0,---,---,---,---,---,---,---,---,---,---,52.2359826,0.1736997
1,11212.9,0.0,00:55:07.9,00:02:57.9,2.81,00:00:00.0,0.00,18.0,1325,10.8,0.0,---,---,---,---,---,---,---,---,---,---,52.2360553,0.1738036
1,11228.0,0.0,00:55:17.4,00:05:12.5,1.60,00:00:00.0,0.00,15.0,1326,15.2,0.0,---,---,---,---,---,---,---,---,---,---,52.2362343,0.1740521
1,11230.7,0.0,00:55:22.3,00:10:09.8,0.82,00:00:00.0,0.00,12.0,1327,2.7,0.0,---,---,---,---,---,---,---,---,---,---,52.2362516,0.1740801
1,11232.0,0.0,00:55:26.6,00:15:25.9,0.54,00:00:00.0,0.00,13.5,1328,1.3,0.0,---,---,---,---,---,---,---,---,---,---,52.2362517,0.1741033
1,11235.3,0.0,00:55:33.8,00:19:50.5,0.42,00:00:00.0,0.00,8.5,1329,3.2,0.0,---,---,---,---,---,---,---,---,---,---,52.2362810,0.1741261
1,11237.1,0.0,00:55:40.9,00:20:50.0,0.40,00:00:00.0,0.00,12.5,1330,1.8,0.0,---,---,---,---,---,---,---,---,---,---,52.2362954,0.1741395
1,11238.7,0.0,00:55:44.2,00:21:22.1,0.39,00:00:00.0,0.00,10.5,1331,1.6,0.0,---,---,---,---,---,---,---,---,---,---,52.2363102,0.1741482
1,11239.7,0.0,00:55:48.1,00:19:50.5,0.42,00:00:00.0,0.00,16.5,1332,1.0,0.0,---,---,---,---,---,---,---,---,---,---,52.2363160,0.1741595
1,11241.5,0.0,00:55:53.4,00:20:50.0,0.40,00:00:00.0,0.00,10.5,1333,1.8,0.0,---,---,---,---,---,---,---,---,---,---,52.2363334,0.1741652
1,11242.7,0.0,00:55:57.0,00:20:19.5,0.41,00:00:00.0,0.00,30.0,1334,1.1,0.0,---,---,---,---,---,---,---,---,---,---,52.2363413,0.1741764
